10000
1 7441
4 8089
8 8536
13 3340
20 8909
21 7406
24 3009
31 9990
33 2658
41 5275
47 8800
51 8455
52 6668
56 6198
59 6540
60 2422
63 7925
68 1264
70 1455
75 2232
81 8168
84 5725
87 5553
100 8740
101 399
102 2884
103 6163
105 6230
106 8438
107 4110
108 265
113 2753
123 401
125 9803
126 2320
131 5677
132 4787
133 741
134 2375
136 3409
137 9462
139 7173
146 8317
147 3050
150 5366
151 7297
152 1064
154 9318
156 5267
157 5928
163 8172
168 9607
171 1381
172 2062
174 4021
187 825
189 9914
193 9782
195 6641
198 6343
200 7594
204 9857
207 7521
217 3031
219 5380
225 1252
227 860
229 5952
232 544
234 2420
237 9966
238 7388
242 128
128 4530
245 6860
246 3310
248 9175
250 6369
252 7696
254 6808
255 8141
260 1763
264 4826
267 6089
269 1572
273 6744
274 5958
278 3658
280 8568
284 6876
285 6229
286 7390
289 5854
290 5173
296 3286
298 955
299 1536
302 5028
305 9170
309 5111
311 5241
312 2305
313 7898
317 1927
319 5308
326 4929
331 4874
332 2992
333 6100
334 6329
335 8032
337 9679
343 1307
348 6588
349 7276
352 6253
353 684
358 5017
361 4799
363 3019
365 4175
368 2142
369 1879
370 8528
371 7225
373 4238
374 2821
377 1240
378 2442
382 5926
384 2860
388 8998
395 9879
397 561
398 9743
401 4025
404 4804
409 7094
411 2340
417 7983
426 3578
427 5895
430 5644
434 2333
438 6250
439 1187
442 6756
444 664
445 7977
449 7027
450 3700
453 4212
454 3623
457 9989
463 8731
464 4795
468 7016
469 327
476 5895
478 9531
484 4355
485 5092
491 4521
493 2891
494 6119
495 1265
501 4108
502 8697
503 5909
504 5524
505 9145
509 9837
510 1102
513 9872
514 6877
515 8902
518 2052
519 490
522 1217
523 7530
524 346
525 2341
527 1854
528 8053
530 9358
533 4322
535 297
538 2766
551 6109
555 577
556 2023
558 3534
560 2189
562 9389
568 3492
569 492
492 3991
570 3331
572 3744
578 416
580 5627
581 6197
586 9834
587 3381
589 696
590 7055
591 7581
592 5278
593 380
380 4325
599 8336
600 8423
602 6906
605 3140
606 3901
615 342
619 2888
620 947
621 7836
622 9717
633 5149
636 9891
638 2636
644 4682
646 9145
650 8369
657 3546
659 6069
660 6380
664 5145
668 9005
669 9594
671 3193
674 2206
677 336
336 4946
679 2806
680 8613
681 4204
682 541
685 413
686 5949
687 3290
688 6561
689 8416
691 8795
696 8698
698 626
626 4698
699 9487
703 3491
706 6799
708 2656
709 3295
710 2196
711 5567
716 7085
718 9668
719 5329
729 9971
730 8609
731 402
735 3527
736 1156
738 6643
740 2357
752 7469
754 5577
759 3283
760 4661
761 5014
762 7547
765 6180
770 5656
776 7046
777 2223
780 190
782 8363
783 1798
784 7075
790 3617
795 5532
796 1157
798 1497
799 9803
805 707
806 4243
815 176
822 2772
829 9556
833 9684
835 4104
836 3990
838 9612
839 4213
842 563
563 9402
845 7178
846 2168
848 6846
849 4395
850 4733
851 4551
854 8268
856 1193
858 1129
859 5
860 1164
863 8747
865 372
868 6538
871 676
873 9655
874 8418
879 26
883 2939
886 6437
889 93
891 3505
894 8209
895 5180
896 265
265 812
812 7202
900 3926
901 4054
902 2240
904 5530
907 2873
910 2806
911 281
281 3705
918 1928
919 6654
922 4074
929 6681
932 774
934 5863
935 1539
941 6485
944 8573
950 7282
952 9827
954 5716
956 2575
957 5455
958 8841
964 3065
968 6976
969 5060
970 8806
971 2376
975 7982
976 5606
977 270
978 11
11 3986
982 2640
993 6553
994 7649
998 4412
1001 5857
1006 4938
1008 4950
1009 5166
1011 7655
1012 618
1015 3870
1017 4815
1024 3205
1026 7080
1027 7135
1028 4509
1032 6860
1033 520
520 8788
1034 6012
1037 8145
1039 6179
1047 9614
1048 1678
1049 8538
1054 37
37 9666
1056 6964
1058 7774
1059 1838
1061 946
1062 5563
1064 347
347 3
1066 1200
1067 6
1068 4067
1069 2028
1070 6363
1071 7292
1082 4152
1083 7886
1084 9912
1085 8150
1090 1418
1091 5586
1093 5725
1094 2494
1095 6230
1096 2709
1098 8136
1100 4493
1102 1274
1103 6849
1105 266
1107 866
1108 2484
1110 8953
1117 3023
1118 4127
1119 7132
1123 1553
1127 6418
1129 9944
1130 386
1132 38
1134 9311
1142 8270
1143 3240
1145 7796
1146 6444
1152 656
1154 7367
1156 5413
1162 4735
1163 9321
1164 1131
1131 3538
1178 6041
1180 8197
1183 1046
1195 7421
1196 4662
1204 4687
1205 717
1207 218
1208 1188
1188 8889
1211 1193
1193 249
1212 3306
1213 2325
1216 2897
1217 8056
1220 7054
1225 1202
1226 230
1228 3727
1229 1179
1179 2586
1232 3409
1235 1203
1236 7995
1239 4096
1240 4109
1243 2315
1245 678
678 162
1246 965
1247 6057
1248 3414
1251 2696
1252 3167
1255 4827
1256 5418
1257 8806
1258 3555
1261 9932
1263 2974
1265 6421
1267 624
1268 4436
1270 7120
1272 4980
1273 1839
1274 7057
1282 4920
1284 6619
1286 9465
1288 3663
1291 4222
1293 3435
1294 6474
1295 1221
1296 6589
1297 1271
1299 8346
1302 4845
1304 127
127 9470
1307 4466
1308 649
1313 9268
1316 2881
1317 4229
1319 1426
1320 4405
1323 9919
1327 4400
1329 9458
1330 2070
1331 1349
1332 474
474 3315
1333 7709
1335 5463
1339 2961
1341 2649
1343 66
66 2704
1345 6600
1352 7571
1356 1161
1161 1176
1176 7778
1359 9932
1362 6281
1365 8556
1367 3653
1371 7533
1372 2253
1378 1634
1380 7657
1381 5602
1382 4974
1384 6755
1386 4832
1388 206
1400 6130
1401 6922
1402 1962
1403 3224
1404 4798
1406 6410
1407 3484
1408 8067
1410 3786
1412 920
920 5126
1413 9698
1417 2975
1429 4769
1433 9990
1434 4112
1440 6240
1442 1269
1445 5532
1446 4232
1447 6405
1449 6708
1450 8426
1451 8140
1453 1041
1459 4439
1462 5951
1467 5676
1475 1370
1482 8780
1484 7370
1486 8989
1488 1181
1489 1633
1491 3865
1494 632
1495 6052
1497 9573
1505 2436
1506 2394
1511 7084
1513 7975
1515 8335
1516 9682
1520 6603
1521 7027
1522 8491
1525 6348
1529 5346
1532 6582
1538 6927
1541 3808
1542 7250
1544 9793
1545 8425
1546 8718
1551 8305
1552 2558
1555 1262
1262 3353
1558 4867
1560 2493
1561 3809
1562 8999
1563 6143
1569 7223
1571 5930
1577 5136
1578 9230
1580 212
1582 7686
1583 8913
1587 1237
1588 9420
1590 4282
1592 7347
1593 9416
1597 8793
1598 7182
1602 1698
1603 7758
1604 1395
1395 9768
1606 3825
1609 890
1613 3775
1614 3700
1615 3306
1617 3671
1624 6177
1634 9577
1638 7567
1641 5430
1642 5306
1643 4561
1644 183
1648 5169
1653 5395
1654 3262
1656 1509
1657 825
825 5935
1662 4866
1665 4496
1667 9210
1670 2411
1672 6253
1673 6180
1676 9041
1678 1113
1113 4484
1680 9663
1682 8232
1687 5837
1688 743
1689 2880
1692 3530
1696 3054
1697 9558
1699 7319
1703 2182
1706 972
972 4661
1707 6555
1717 9405
1718 4363
1723 8327
1724 2347
1726 7549
1728 8560
1732 6311
1733 7326
1738 6352
1740 5777
1741 7865
1742 5792
1744 7294
1747 3153
1750 8678
1752 9791
1753 6618
1758 1241
1241 9171
1759 748
1762 2942
1764 3270
1766 553
1768 3353
1770 3147
1775 3355
1776 3023
1779 2856
1785 9667
1788 9425
1791 4195
1792 1416
1801 9462
1804 3097
1809 9325
1810 7586
1811 2822
1812 9560
1813 7950
1814 4529
1815 2021
1818 4662
1819 1774
1774 6638
1822 4774
1826 4751
1827 6005
1828 6613
1834 7609
1835 6779
1838 2550
1840 459
1842 3279
1844 2284
1845 8777
1847 5587
1848 2416
1857 2791
1859 8831
1860 4534
1861 6494
1863 8685
1864 7132
1865 1961
1868 1841
1869 6612
1870 6756
1871 6859
1872 3564
1873 2890
1874 5740
1875 6216
1876 7634
1879 3976
1881 6472
1882 3128
1884 8100
1887 6117
1888 8267
1889 618
1890 6224
1891 2314
1892 647
647 2534
1893 6853
1895 9627
1896 1140
1900 4007
1904 1414
1414 8547
1907 2326
1910 1194
1194 2510
1913 2181
1916 885
885 1971
1917 9496
1919 4168
1921 5473
1926 7407
1930 4121
1936 1138
1938 4038
1940 9663
1945 1393
1946 5910
1952 6903
1953 7825
1956 9663
1957 5891
1964 3089
1969 5830
1971 1481
1481 8209
1972 8168
1977 9961
1981 7411
1982 4968
1983 4188
1994 1714
1997 344
2001 9640
2002 7323
2003 9239
2004 8950
2010 1231
2013 5747
2014 3354
2015 148
148 6488
2020 1725
2022 6048
2023 279
2024 937
2026 3898
2028 3043
2030 8445
2031 7512
2036 8073
2043 1301
2045 9778
2046 4783
2048 6470
2050 2071
2051 9976
2052 3512
2053 9612
2055 7923
2057 7871
2059 4542
2060 6543
2066 3654
2068 3677
2072 8220
2074 2431
2078 2101
2080 6111
2081 4078
2082 4349
2085 5586
2086 1693
1693 9001
2088 2932
2094 4619
2096 6423
2097 8464
2100 8555
2102 6852
2103 1950
2107 1573
2109 1097
1097 7905
2116 2257
2119 8783
2124 8607
2127 6152
2134 4194
2136 8565
2139 4705
2145 6375
2147 3198
2153 7147
2158 7933
2161 7311
2170 1292
2171 2260
2180 5899
2181 403
2187 632
2188 843
2190 2513
2193 507
2194 3547
2197 8034
2199 6498
2204 7674
2208 8532
2210 9591
2212 3327
2213 364
364 6928
2214 781
781 2189
2216 6300
2223 5193
2226 3696
2228 938
2233 3796
2236 6529
2239 807
807 240
2241 7318
2242 2991
2245 4428
2249 2776
2250 2427
2251 5669
2253 6411
2254 310
2257 7852
2258 3662
2260 8388
2266 9742
2267 6205
2271 6404
2274 7036
2275 8017
2276 7983
2277 8646
2278 8151
2281 1568
2285 9911
2288 2256
2290 6283
2291 5846
2294 9763
2295 5590
2298 3245
2302 4344
2303 8261
2304 7688
2309 4392
2310 6664
2313 5490
2314 9477
2315 1539
2317 1763
2320 1303
1303 2252
2321 8794
2322 6910
2325 3551
2328 5072
2329 5786
2336 797
2342 7763
2345 5391
2347 2757
2349 2152
2352 746
2354 3484
2361 3461
2363 8347
2365 297
297 9855
2366 7528
2369 7841
2374 3985
2376 2098
2380 7539
2381 9868
2382 4481
2384 1786
1786 1894
2386 4833
2389 3571
2390 6576
2391 1493
1493 8527
2393 3115
2394 6390
2398 3431
2399 9224
2400 1880
2404 5441
2405 7880
2406 7110
2407 5199
2412 9401
2413 8486
2415 6802
2416 4343
2417 8112
2420 8271
2421 2484
2426 8917
2431 8366
2433 5321
2434 1390
2438 9162
2439 3434
2442 9754
2445 4007
2446 526
2447 2791
2450 9622
2451 9882
2452 8472
2458 612
2459 2353
2461 8413
2465 1114
2466 4115
2467 2813
2470 9894
2477 7192
2478 4073
2482 2360
2486 406
2487 3621
2490 9412
2491 9817
2492 3432
2493 5117
2494 282
2495 7611
2498 8522
2500 5905
2504 4564
2505 5080
2507 826
826 3979
2509 5739
2511 1719
1719 3391
2518 6795
2519 8578
2520 1112
2521 7468
2524 3095
2525 9883
2532 3169
2534 3214
2536 4880
2537 3398
2539 112
2544 372
2545 8117
2546 4211
2547 9261
2548 5895
2549 9607
2552 4222
2553 8460
2555 2083
2083 4402
2556 5064
2561 3268
2566 2076
2076 2098
2098 5742
2567 233
233 3083
2571 6800
2573 5038
2574 8360
2575 5067
2576 4832
2582 7935
2583 3286
2585 9108
2588 9952
2590 6961
2591 7493
2594 3053
2596 8871
2597 5329
2604 8145
2608 7714
2610 9040
2611 2638
2613 4362
2621 9130
2625 7129
2626 7218
2627 9456
2629 4526
2630 4811
2632 5957
2633 3113
2634 4035
2638 6865
2639 7295
2641 5496
2643 5499
2646 8767
2648 1104
2650 2695
2655 3703
2659 4662
2660 4197
2661 8319
2663 9048
2664 1485
1485 4307
2668 2605
2669 7735
2673 720
2677 1646
2680 7867
2682 7530
2683 1955
2685 6598
2686 7794
2689 3167
2691 9717
2695 7863
2696 3535
2698 6923
2699 3439
2702 2770
2705 5173
2706 2921
2709 3674
2712 6505
2713 5065
2715 8465
2717 2894
2718 3426
2722 4583
2724 4527
2726 2904
2729 8224
2734 3585
2735 2671
2738 8593
2740 310
2741 9584
2745 9388
2747 8823
2752 4918
2753 6388
2756 6796
2759 1817
2761 1116
2762 9971
2769 1991
1991 3136
2770 7921
2772 4052
2777 6287
2779 3289
2781 6383
2782 3903
2784 3664
2785 258
2788 2750
2790 1966
2796 3195
2799 1808
1808 9055
2805 2243
2807 7663
2808 4015
2815 3953
2817 7234
2818 3978
2824 8355
2825 1151
2827 549
2829 9427
2830 3001
2831 8962
2833 8968
2834 554
554 4879
2835 3973
2837 6825
2841 4595
2842 9582
2844 9965
2845 36
2850 3220
2851 9622
2852 1351
1351 1909
1909 6731
2854 4112
2856 402
2858 1349
2860 9837
2862 9682
2863 5588
2868 2101
2101 8567
2869 9688
2870 3277
2872 3503
2874 9771
2876 9405
2877 6238
2884 9694
2892 7583
2895 1338
2896 2114
2898 694
2900 8469
2903 8692
2904 1281
1281 6917
2905 5638
2906 9930
2908 8417
2912 1748
2916 5344
2917 2395
2920 2538
2538 4717
2922 8508
2925 9017
2928 3372
2929 3288
2930 5470
2933 8912
2935 5110
2939 9966
2940 2760
2942 506
2943 1773
2944 2996
2945 4616
2949 9348
2952 5406
2955 3127
2956 3373
2957 4196
2959 420
2963 2593
2593 8109
2965 3056
2968 3518
2972 5702
2973 3375
2974 6640
2975 54
54 4464
2979 5411
2981 4046
2983 2077
2985 4761
2986 966
966 5924
2987 6578
2988 8386
2989 9123
2991 8812
2993 6893
2995 2040
2996 7756
2998 8377
2999 9920
3001 1394
3002 9673
3003 1950
1950 1465
3011 8299
3013 2819
2819 419
3015 8494
3016 3697
3018 758
758 8450
3019 5236
3023 4342
3024 8966
3025 7496
3026 1149
3027 1398
3028 3689
3029 2443
3030 3541
3034 543
3035 3953
3037 6019
3038 1679
3040 6225
3041 7989
3043 2710
2710 8827
3047 5807
3049 7279
3050 7048
3056 2192
2192 1685
3059 5852
3062 8205
3064 8950
3066 6505
3067 7091
3073 4556
3076 1376
3077 5356
3078 8982
3081 3875
3084 6461
3088 3566
3089 1101
1101 3338
3090 5803
3093 2778
3099 4220
3100 1324
3102 4348
3105 6024
3106 5151
3107 9290
3109 4447
3111 7631
3118 7435
3120 5759
3126 7730
3127 4203
3129 7578
3131 2890
3132 8698
3137 3866
3139 834
834 5836
3140 2970
2970 5675
3141 7000
3142 7656
3147 8189
3149 5725
3150 8553
3152 1757
1757 3370
3155 5946
3156 6787
3158 4412
3160 6930
3164 3060
3060 381
3165 8013
3166 3730
3168 1984
1984 9219
3170 8664
3174 7729
3178 9471
3179 6237
3180 7033
3181 6134
3183 4647
3186 5169
3187 5423
3188 8125
3192 4646
3194 67
3196 5125
3198 6736
3199 7862
3200 6214
3203 2880
2880 228
228 1756
3204 5538
3206 2811
2811 1514
3207 4540
3209 4779
3211 6860
3212 2755
2755 8683
3213 2263
3215 4997
3216 7083
3217 3256
3221 5949
3223 564
564 1507
3226 8981
3233 6896
3240 6098
3241 7910
3245 356
3246 1456
3248 3087
3250 9636
3251 8062
3252 670
3253 5765
3258 8990
3260 1300
3261 6505
3264 7112
3266 9811
3267 1368
1368 4912
3269 9409
3270 9085
3274 1973
3275 2728
3276 5540
3277 3911
3278 573
573 7110
3280 196
196 138
3281 1968
3284 1756
1756 4472
3285 8342
3294 9275
3296 50
50 5711
3302 8906
3303 2560
2560 4166
3305 2237
3306 8484
3309 6628
3311 399
399 5933
3315 82
3317 69
3318 9629
3320 2372
2372 942
3321 3082
3082 8146
3322 4760
3323 4329
3325 6185
3330 4091
3331 8189
3333 8022
3334 7453
3335 2631
2631 8011
3336 2259
2259 1927
1927 8118
3337 2618
2618 6890
3339 3070
3342 1918
3343 5834
3345 5917
3348 9216
3349 5503
3350 2923
3356 1472
1472 6171
3361 4755
3366 345
345 3764
3369 3205
3372 663
3374 209
3380 7328
3382 6268
3385 9508
3388 9997
3389 8101
3390 9202
3391 2878
3393 9363
3396 2473
3397 6375
3399 5246
3404 8229
3405 9505
3407 1731
1731 2739
2739 7976
3408 8742
3412 7932
3413 2564
3415 773
773 420
3419 158
3420 7148
3429 3381
3430 2462
2462 4635
3432 2990
3435 9317
3443 648
648 1465
3444 4517
3446 2697
3452 3425
3425 2222
2222 8426
3454 1543
3456 7683
3457 7195
3459 7069
3461 2794
2794 3608
3463 8055
3465 2410
3469 5258
3472 9950
3477 9011
3479 7292
3489 3017
3017 224
224 2162
3494 5721
3495 2062
2062 1734
3496 5512
3497 1218
1218 4930
3498 7836
3500 4695
3507 3860
3508 6562
3512 5605
3513 4303
3514 6208
3516 460
3519 7368
3520 1531
3523 6262
3524 3247
3528 6746
3529 655
655 1962
3530 3008
3008 9244
3533 2644
2644 6406
3535 4792
3539 4491
3542 8384
3543 2483
2483 1780
3545 7321
3548 1677
1677 4578
3552 2719
3556 6347
3557 625
3558 4231
3561 6441
3563 4082
3565 3827
3567 3553
3569 1157
1157 9888
3571 1363
3573 3780
3574 715
3575 435
435 6791
3576 8066
3577 2039
3578 1695
3580 3169
3169 548
548 6274
3583 7427
3584 8670
3587 9239
3590 6695
3591 9474
3602 862
862 9568
3603 407
3605 236
236 5262
3607 8230
3608 6422
3609 6866
3613 7959
3615 7398
3617 5696
3622 9995
3625 2586
2586 85
3628 9460
3632 1843
3637 5470
3638 7937
3641 8984
3647 6301
3648 7244
3649 4961
3650 4724
3651 1867
1867 6421
3652 159
3656 6301
3659 6015
3662 6166
3663 8849
3664 4058
3666 287
287 9755
3670 8592
3672 9268
3673 4649
3677 8819
3679 7741
3680 4731
3681 315
315 4088
3683 3595
3595 2605
3685 8570
3687 4166
3688 4976
3696 9764
3698 4304
3699 5604
3703 3830
3704 3340
3706 1473
3707 3871
3711 8354
3712 4125
3714 8429
3718 1490
1490 8386
3720 5795
3722 6371
3723 899
899 3288
3288 6575
3724 3905
3725 8875
3727 40
3729 3515
3731 7495
3732 2256
2256 9047
3733 144
3734 2206
2206 9502
3735 120
3736 7688
3738 984
984 175
175 8155
3739 3923
3740 1141
3743 8796
3744 7810
3746 5993
3747 2044
3752 2760
2760 4204
3753 9910
3754 7001
3760 6128
3761 8752
3763 1428
1428 3841
3764 1636
1636 1377
1377 3319
3765 6202
3766 1941
3770 7325
3771 3531
3773 7646
3778 3847
3779 3257
3782 9215
3783 5057
3786 576
576 3891
3790 7514
3793 1836
1836 5562
3794 5656
3795 2418
3799 4214
3802 3014
3803 3020
3808 3022
3809 30
3810 6571
3811 118
3815 8603
3816 9926
3817 4223
3818 8746
3819 1249
3820 1021
1021 1894
1894 3606
3606 7605
3822 482
482 3596
3596 4730
3823 7926
3825 5485
3826 4839
3828 1277
1277 5829
3830 8345
3832 4225
3836 4535
3842 5360
3847 7447
3848 8103
3852 7189
3853 7753
3854 595
3859 7320
3860 2163
3861 9839
3864 6712
3865 9937
3866 8757
3868 4921
3869 973
3870 4391
3871 5813
3873 4626
3875 2402
2402 4163
3878 4574
3879 7288
3880 601
3886 3503
3887 5432
3894 7281
3896 5748
3898 8033
3899 5416
3902 1510
3907 5404
3908 6377
3909 8579
3911 4263
3912 130
130 8197
3918 3112
3919 3352
3922 3256
3929 6475
3930 9343
3933 8049
3935 8152
3938 3295
3295 437
437 5937
3941 4529
3949 1357
3953 7693
3955 6816
3957 2565
3958 2823
2823 1002
1002 5675
3959 8807
3961 6015
3962 5457
3963 7467
3966 6503
3967 6783
3969 4393
3971 1530
1530 1184
1184 2748
3972 7054
3973 8127
3975 3490
3490 3925
3976 4092
3977 9463
3978 6405
3979 3658
3658 3110
3110 3371
3980 549
3981 5086
3982 9205
3983 9016
3986 8117
3989 4773
3992 7769
3994 3451
3995 8061
3998 7195
4001 8219
4003 5694
4006 7261
4008 5573
4009 1078
1078 6945
4014 9033
4016 2061
4018 8066
4020 9347
4024 4967
4027 7346
4028 4052
4035 4084
4036 9903
4038 2847
4039 425
425 1147
1147 5903
4042 8105
4045 7310
4049 3428
4052 6194
4053 1271
4056 707
4061 3055
4065 5129
4067 9436
4069 2058
2058 4440
4071 6981
4072 7966
4080 2577
2577 8820
4081 2359
4086 4861
4090 857
4092 9741
4093 7399
4094 6019
4095 4561
4098 6067
4099 4450
4103 8812
4105 9201
4106 6100
4107 8433
4110 9969
4111 973
973 5604
4112 6754
4114 4172
4117 9671
4118 44
4123 4043
4125 8768
4126 346
4127 7890
4128 7423
4135 1499
4138 4767
4143 9536
4144 3481
4145 5039
4147 6860
4148 328
4149 2042
4150 7546
4151 4242
4153 1065
4154 9904
4156 9142
4157 7594
4158 9792
4160 9497
4161 2133
4163 2938
4164 940
4168 1081
4169 7553
4171 153
153 3684
3684 2182
2182 5021
4174 2692
4179 6981
4180 6704
4182 8481
4184 7029
4185 3939
3939 7450
4186 7223
4187 8185
4189 4054
4194 9373
4198 908
4199 4479
4203 2173
4206 7091
4207 7341
4208 4288
4209 7554
4211 2757
4213 2598
4216 5377
4220 4580
4221 1337
1337 6135
4225 6182
4226 841
841 529
529 9797
4227 7374
4229 6732
4230 6076
4231 4649
4232 7818
4235 7677
4236 5297
4240 4952
4245 7054
4246 8591
4249 8636
4251 9760
4255 4280
4259 1712
4261 8555
4263 2229
4264 8211
4265 9599
4268 9278
4271 4705
4276 9333
4277 9732
4278 3378
4282 9288
4285 801
801 6890
4286 2936
2936 3655
3655 9673
4287 8456
4288 965
4292 4354
4294 5944
4295 8696
4296 8440
4297 9017
4298 7141
4299 1210
1210 3121
4302 3046
3046 8399
4308 2812
4312 3678
3678 2515
2515 8603
4313 4967
4314 8333
4317 3831
4318 3273
3273 6868
4325 598
4326 2953
2953 5315
4329 1851
1851 428
4330 7217
4335 3148
3148 4057
4337 9817
4338 1005
4339 1349
4340 9079
4341 9800
4346 5601
4347 2357
4348 2891
4349 6432
4350 1125
1125 1283
4351 2463
4362 7212
4366 867
4369 320
320 4100
4100 2164
4371 451
4373 1151
1151 4572
4375 8202
4376 1702
4378 8628
4379 25
4380 1192
1192 3115
4381 8390
4383 8127
4384 3797
4386 4191
4191 3297
4387 8089
4389 722
722 5261
4390 3476
4392 470
470 2341
4395 5741
4397 5116
4398 7518
4399 4463
4400 1817
4401 7682
4402 6762
4408 6139
4409 8332
4410 2091
2091 7389
4419 4113
4420 3993
3993 4920
4421 6657
4422 6941
4423 7444
4425 2454
2454 2692
4426 3115
4427 4899
4429 5527
4430 1695
1695 5951
4432 3804
3804 4059
4435 6692
4438 9744
4439 6046
4440 5667
4442 1275
4445 8486
4448 7892
4451 3243
4454 9651
4458 9159
4459 1230
1230 7628
4460 7168
4461 2444
4462 8066
4467 2714
2714 2444
4469 2765
2765 2559
4470 2205
4472 4529
4473 6563
4474 7009
4475 5175
4476 5493
4480 5355
4483 4829
4484 3654
4485 1112
1112 2200
2200 162
162 2436
4486 8712
4489 1426
1426 6416
4492 4973
4496 9667
4497 8989
4499 7935
4502 4848
4503 9570
4504 4981
4507 7436
4508 2377
2377 2009
4511 4300
4300 5895
4512 9123
4516 45
45 8273
4518 7574
4521 8040
4525 2122
4527 5663
4528 4223
4529 749
4530 2820
4532 5029
4533 1933
1933 4192
4534 5703
4537 8904
4539 1259
1259 3473
3473 8799
4540 9656
4541 6759
4546 350
350 7027
4548 8287
4549 7927
4550 8337
4551 8589
4552 5767
4554 9292
4558 9224
4560 6749
4563 3114
4566 3916
4568 7303
4570 3797
4572 8604
4573 8638
4574 2950
4575 9464
4579 2871
4585 8537
4586 5987
4587 8321
4588 7214
4589 1729
4590 8804
4591 1197
4594 5627
4599 2341
4602 9400
4603 176
176 4679
4604 6525
4605 609
4606 3475
3475 9233
4607 9937
4609 8386
4613 3373
3373 4415
4415 2966
4614 7469
4615 7449
4619 8745
4621 1042
4623 8663
4626 327
327 2474
2474 2238
2238 5248
4629 3133
3133 1500
4631 1358
4633 8813
4634 5939
4635 7011
4638 9155
4641 1507
1507 8733
4644 1238
4645 617
4648 803
4652 8485
4653 5134
4654 8326
4656 2976
2976 9447
4657 7742
4658 9443
4659 7569
4663 8254
4667 921
4668 5695
4670 2767
4673 1806
1806 6360
4675 461
461 8023
4676 1850
4678 2284
4680 9061
4681 2529
4683 6145
4684 5593
4686 2728
4687 392
392 8668
4688 2473
4691 9907
4692 6065
4699 9594
4700 9616
4701 9436
4702 1349
4703 6548
4705 5076
4707 4487
4708 5248
4709 8125
4713 3227
3227 6045
4714 7814
4715 5666
4716 652
4718 3416
4719 3948
3948 99
4720 8437
4721 2293
4726 1443
4727 8290
4728 7786
4730 6224
4734 2918
2918 8798
4738 2846
4739 1004
1004 7431
4740 3009
3009 6323
4741 191
4743 6610
4744 2812
4749 7798
4751 9073
4752 4307
4755 4867
4758 831
831 2516
4760 3960
4761 1022
4767 6590
4768 4793
4771 8888
4774 4780
4775 5733
4776 7245
4777 3776
3776 5206
4779 4495
4783 2205
2205 4385
4785 794
794 9215
4786 4547
4792 5314
4794 9401
4795 6802
4796 4830
4798 7975
4805 6543
4806 565
565 6870
4808 5383
4811 8235
4814 1824
4818 5137
4821 5581
4822 778
4823 1523
4826 3437
4830 7482
4833 1816
1816 5057
4834 8598
4838 2879
2879 2642
4840 4974
4841 3367
4842 9468
4843 3954
3954 8116
4846 3185
4847 3945
4849 1144
4851 1948
1948 5135
4852 7646
4853 5807
4854 1671
4855 598
598 4671
4671 4382
4382 6752
4858 6647
4864 7537
4865 9177
4868 6374
4872 6299
4873 2800
2800 5779
4877 7877
4878 9459
4880 8417
4881 4650
4883 4444
4444 3108
4886 9475
4887 1053
4890 1168
1168 2064
4891 9956
4892 811
4894 5619
4895 8422
4898 6682
4900 9429
4901 490
490 2557
4904 6770
4906 8437
4907 3780
3780 7161
4908 9949
4910 7385
4911 7535
4913 5952
4914 6969
4917 8590
4920 8991
4921 816
816 4488
4922 6673
4923 2716
2716 5597
4926 7576
4927 58
58 6877
4929 5323
4930 9238
4931 810
4932 6670
4935 4170
4939 2327
4940 2191
4942 2727
2727 5686
4944 9429
4945 9786
4947 4723
4949 9465
4950 9978
4953 3726
3726 943
4954 3328
3328 5474
4955 717
717 9825
4956 4565
4565 8544
4957 8386
4962 6416
4967 3357
4968 9002
4970 1885
1885 8646
4971 5978
4975 5057
4976 1430
1430 1959
1959 2437
2437 884
4977 3453
4978 6692
4979 9365
4982 4622
4988 9569
4990 7725
4991 4443
4443 5416
4996 9647
5000 7592
5002 4342
4342 5571
5006 5761
5009 9025
5010 8592
5011 8748
5014 8194
5015 9628
5018 6352
5019 8858
5020 383
383 8169
5021 4553
5028 8394
5029 9751
5030 1144
1144 5796
5031 4870
4870 1796
1796 2265
5032 4642
5033 7074
5034 5565
5039 7909
5040 4861
4861 9058
5043 1126
5044 9524
5045 4385
5051 8487
5053 7410
5056 1077
1077 4192
5060 4201
5061 9209
5062 640
5063 8107
5064 9667
5065 6147
5066 3362
5068 4829
4829 8846
5071 2151
2151 1209
1209 9769
5072 6065
5074 1854
5076 1432
1432 7204
5077 1658
5079 6434
5081 1149
1149 7221
5082 1691
1691 5679
5084 8456
5085 8252
5090 9754
5094 3709
5095 4581
4581 2797
5097 9195
5099 5479
5100 7462
5105 9225
5108 9416
5109 7372
5112 9405
5114 6588
5119 263
263 5721
5121 7669
5122 5724
5127 5604
5131 3721
3721 2997
2997 393
393 7038
5132 8088
5133 9853
5134 4336
5135 9353
5137 86
5138 2307
2307 2623
5139 4788
5140 4773
5142 4311
5145 7450
5146 947
5149 9222
5150 1777
5156 214
5158 8068
5161 7639
5166 6132
5167 6547
5168 2750
2750 1201
5175 173
5176 3201
3201 7735
5177 9820
5178 30
5179 6738
5180 8953
5182 6733
5184 3999
5188 18
5190 7378
5191 1427
5193 2408
5195 7498
5196 8195
5199 3756
5200 4856
5201 3774
3774 7009
5205 458
5209 3244
5210 942
5211 7755
5218 6341
5220 4414
5223 9633
5225 3536
5228 8597
5229 5104
5230 166
5231 9941
5233 355
5234 9547
5242 4466
5243 1310
5244 4813
5245 7054
5248 2746
2746 9940
5252 7580
5253 7321
5257 7954
5259 4233
4233 3020
5260 8989
5261 7827
5263 64
5264 9567
5266 6339
5268 2056
2056 3283
5269 3308
5270 4711
5271 4986
5272 5152
5274 7474
5277 3065
5278 1013
1013 8365
5279 3371
5280 3562
5283 5239
5285 5702
5286 7064
5289 222
5293 291
291 2006
5294 2832
2832 7317
5295 8574
5296 1647
5297 3021
3021 756
5301 5938
5302 3491
3491 5713
5305 7670
5310 2614
2614 853
5313 2951
5314 1633
1633 6456
5316 1683
1683 2067
2067 3307
5317 5864
5321 9212
5322 4625
5323 1976
1976 8252
5330 7242
5331 3289
5335 559
5340 2017
2017 880
5342 1769
5343 8886
5345 1663
5346 1160
5351 9707
5353 8744
5354 6732
5357 549
5359 1051
1051 7860
5365 2615
2615 9014
5366 1855
1855 6534
5367 596
5368 3903
5370 1858
5371 5479
5372 1589
5373 9697
5380 8996
5382 8785
5385 926
5386 7279
5387 1158
1158 4320
5388 2647
5392 9267
5397 4745
5400 9804
5402 6013
5403 6242
5405 2882
2882 7979
5409 1616
5412 4078
4078 5849
5413 4494
4494 2037
2037 4519
5414 3831
3831 7963
5415 7764
5417 3784
5418 8996
5421 7607
5427 6057
5429 2533
2533 3920
3920 9656
5436 5937
5437 5459
5438 1276
5443 5590
5450 7016
5451 1611
5453 8798
5455 1458
5457 2077
5458 9346
5459 4394
5460 7368
5461 8310
5462 1315
5463 3259
3259 5092
5464 5309
5465 9667
5466 3499
3499 6678
5467 2203
2203 3439
3439 4582
5470 5850
5471 94
5474 6251
5475 4412
5477 6690
5479 5550
5484 2435
2435 2341
2341 9811
5486 8644
5487 4567
4567 8514
5489 3063
3063 4256
4256 216
216 4578
4578 7379
5490 3851
3851 3175
5491 4289
4289 6873
5492 1543
5500 6798
5503 8997
5505 180
5506 5754
5508 7053
5509 4377
5512 9580
5513 7211
5514 2700
2700 5120
5517 9860
5518 5516
5516 65
5519 2379
2379 2063
5520 7471
5521 1099
5522 6554
5529 7216
5533 4140
4140 867
867 452
5536 5684
5544 3286
3286 1821
5546 3510
3510 324
324 4630
5547 7422
5548 588
588 9869
5550 7456
5552 4332
5553 3232
3232 5987
5555 955
5556 7652
5558 7335
5563 8529
5567 4358
4358 6303
5568 9621
5570 5361
5361 9385
5572 4405
5575 8056
5577 2921
2921 5446
5446 4393
5578 2675
2675 57
5579 8694
5583 2232
5585 5739
5590 9537
5592 9407
5595 362
5599 1862
5601 5422
5602 733
5603 6085
5606 6394
5615 2481
5618 9681
5619 6706
5622 4104
4104 459
459 2355
2355 7252
5626 3239
5630 7706
5632 9520
5634 9307
5636 116
5637 5598
5598 15
15 5123
5643 721
721 9409
5645 7274
5649 5771
5650 5315
5651 5206
5652 7207
5654 9690
5657 3905
3905 6484
5658 2475
5659 4506
5661 3560
3560 4989
4989 5953
5663 6111
5667 915
5668 855
855 2279
5669 9458
5672 9228
5673 2255
5676 2306
2306 5698
5677 2000
2000 1632
5678 1748
5681 7555
5683 9312
5686 9175
5687 4766
4766 6341
5689 7103
5692 1782
5697 4519
5698 1383
1383 1966
1966 3821
3821 9751
5699 1553
5700 7161
5702 4129
4129 2840
2840 4966
5705 4679
4679 2367
5707 1754
5709 8264
5716 9295
5719 8000
5724 8648
5725 4222
4222 3715
5731 2826
2826 2798
2798 4491
4491 8025
5732 8962
5734 3468
3468 1772
1772 549
5736 2163
2163 4334
4334 1042
1042 2225
5737 2463
2463 6351
5738 6504
5742 7494
5743 2670
5744 8478
5746 5098
5748 8091
5750 2423
2423 8917
5751 1000
5752 2456
5755 1373
5756 9689
5757 3667
3667 3231
5763 4465
4465 7561
5765 7050
5768 5793
5769 7998
5770 1174
1174 7977
5771 7157
5773 4165
5774 4916
4916 7512
5776 8411
5778 6650
5780 5224
5781 8610
5783 7867
5784 1760
1760 7067
5785 4624
5789 5642
5642 5298
5298 4535
5792 1469
5793 7332
5794 6138
5798 9709
5802 8772
5803 6681
5804 2786
2786 4279
4279 3163
3163 5623
5623 206
206 4925
4925 3117
3117 5530
5806 5811
5810 2558
5811 7111
5813 8648
5814 8262
5817 9587
5820 141
141 2162
2162 7328
5822 8728
5823 6964
5824 8425
5825 819
5829 607
5830 616
5831 4839
5832 9973
5834 2118
5835 6740
5836 7174
5838 2156
5840 7584
5842 14
5844 5696
5696 408
408 9825
5845 3359
5846 2270
2270 1266
5847 4884
5848 1355
1355 2073
5849 8284
5853 1393
5854 3841
5855 5938
5857 750
5859 6052
5860 7373
5865 1159
1159 3080
5866 6083
5867 1292
5868 3991
3991 1389
1389 6712
5869 1595
1595 6907
5871 8739
5872 1512
1512 6132
5875 5796
5877 4088
5878 6750
5879 857
857 7550
5881 2927
2927 3074
3074 3079
3079 673
673 7371
5886 410
5887 7668
5888 4729
4729 8571
5893 2679
2679 2159
5895 550
5896 4617
4617 6392
5899 5378
5900 7365
5901 3314
3314 3113
5903 3618
3618 1566
5909 2262
5914 8276
5920 7503
5921 3292
3292 6904
5922 8915
5924 6186
5925 5449
5929 9166
5932 9124
5933 5089
5089 1769
5934 9201
5939 921
5941 5027
5027 1793
5942 4478
5943 7392
5945 3057
5949 1124
5950 2899
2899 612
5951 94
5954 7386
5957 658
658 9904
5959 6649
5960 5766
5766 316
316 9062
5961 7957
5963 2296
5964 4031
4031 3532
5972 2603
5977 1537
1537 499
499 4066
4066 2164
5978 185
5981 4025
4025 9491
5984 4627
4627 8762
5986 36
36 1961
5994 2980
2980 2330
5995 5930
5930 4596
4596 1622
5996 704
5997 8195
5998 6810
6000 1111
1111 2667
6001 3796
3796 1929
1929 5767
5767 3728
3728 9535
6002 5004
6003 6183
6006 7155
6008 6346
6014 9677
6015 2617
6016 1133
6018 4355
6019 737
6020 2061
2061 5224
5224 6366
6021 2252
6022 7819
6024 4134
4134 4152
6028 5974
6030 2264
2264 6550
6031 7489
6032 2941
2941 9388
6034 6360
6035 2480
2480 8026
6036 5426
6044 9588
6045 8215
6046 921
6052 5497
6057 360
6058 9245
6059 8331
6061 220
6065 7753
6067 3834
3834 9405
6068 1109
1109 3645
3645 8137
6070 3329
6071 4694
6072 2140
2140 2568
6078 4966
6079 623
623 3157
3157 6260
6080 3849
3849 1646
1646 1076
6081 1918
6082 3146
3146 9438
6084 6666
6086 6164
6087 5419
6088 7554
6089 7672
6092 6518
6093 3813
6094 2284
6098 3915
6102 4394
6105 8406
6107 2319
6110 552
6111 5639
6112 2159
6113 3471
6116 3195
3195 793
6122 8051
6124 2602
6125 4047
4047 5448
6128 2960
2960 4747
4747 2687
2687 4196
4196 3807
3807 1187
1187 4706
6129 1399
1399 2875
6130 2012
2012 6891
6134 8778
6135 2318
2318 2164
2164 9080
6136 8824
6142 3257
3257 617
617 6930
6144 7442
6145 8094
6147 4270
6148 6760
6149 3527
6150 1373
6151 4002
6152 7838
6153 1554
6154 6290
6155 158
158 3914
6157 3340
3340 6208
6158 1979
1979 2350
2350 2601
6160 6549
6161 4555
4555 5662
6162 6552
6164 5441
6165 3855
6167 2488
2488 7505
6169 8697
6170 7705
6171 3863
3863 1374
1374 4355
6173 9252
6175 433
6176 2623
6177 6494
6178 2392
2392 4784
6179 9748
6184 3136
6185 9251
6186 481
481 2201
2201 8624
6187 582
6189 1685
1685 963
6190 5631
5631 9374
6191 2878
2878 7671
6193 9854
6195 3054
6197 2115
2115 3416
3416 1528
1528 9245
6201 878
6202 25
25 3218
6206 4407
6207 1556
1556 7962
6208 5022
6209 4155
4155 2828
6211 48
48 3534
6212 2883
2883 4139
6215 2797
2797 8682
6216 9170
6217 9217
6220 9754
6223 1854
1854 6309
6227 3837
6230 2137
6231 4370
4370 4559
4559 235
235 3970
6232 1784
6236 5714
5714 6935
6237 3745
6238 8133
6239 7033
6241 2337
2337 5476
5476 9410
6242 6980
6243 9780
6246 1354
1354 1949
6248 2914
6251 7455
6254 1534
6255 3230
6261 6515
6267 8437
6270 7508
6271 7193
6274 6724
6275 9764
6276 7996
6277 1136
6281 8315
6282 8782
6284 9665
6285 771
6288 3654
6289 3042
6290 6444
6291 916
916 2039
6292 4845
4845 5956
6296 4166
6298 1160
1160 1128
6299 5256
6302 1704
1704 2132
6308 4416
6311 1931
1931 2007
6312 4242
6317 3006
3006 1076
6318 9570
6319 9067
6325 8243
6329 6902
6331 8313
6333 8167
6334 7591
6336 4810
4810 6897
6339 695
695 4915
4915 7397
6340 2909
2909 3338
6342 9730
6343 9206
6344 1238
6345 7100
6346 4354
4354 3791
3791 828
828 239
239 1629
1629 9535
6349 6784
6352 5189
5189 7791
6354 2280
2280 9535
6357 4212
6358 6279
6360 2792
6363 9945
6364 9543
6365 4876
6366 5680
5680 3482
6367 6260
6370 9426
6371 9772
6377 6013
6378 4611
6384 5876
5876 5666
5666 725
6385 7078
6388 2848
2848 182
6389 310
6392 3797
3797 667
6394 5238
5238 7124
6396 5160
6397 1761
6398 4253
4253 924
924 9772
6400 7329
6401 6316
6316 8852
6402 4456
4456 5162
6404 5369
5369 913
6406 3888
6410 992
6411 7401
6413 9863
6414 4391
6415 5130
6417 3806
6420 7484
6421 4972
6426 472
472 9695
6429 7759
6431 3144
6432 2016
2016 7816
6435 258
6438 6062
6062 8059
6439 4577
4577 6459
6440 5101
6441 1474
1474 3845
3845 905
6443 4238
6444 1326
1326 7317
6446 4181
6452 8321
6458 5355
5355 9948
6459 288
6460 3800
6463 5275
6466 6779
6467 8969
6469 7730
6470 6924
6473 5494
6476 960
960 6958
6480 8801
6482 9785
6484 1720
6485 5058
6486 9789
6487 5655
6488 2931
6491 5473
5473 5704
5704 3193
6492 6192
6192 1988
1988 4698
6493 1631
1631 8102
6494 7072
6496 8888
6501 1573
1573 8019
6503 4130
6504 62
6505 307
6508 487
487 5478
5478 7069
6510 9874
6511 3792
6515 4748
6517 8221
6520 9059
6524 5440
6527 5447
6528 6368
6532 6381
6381 2207
6536 486
486 9154
6537 4316
4316 5221
5221 419
419 9311
6540 1527
1527 9247
6541 3282
3282 3176
6543 5198
5198 9401
6546 9473
6548 9352
6550 3451
3451 5907
5907 7056
6551 9931
6552 1427
1427 5882
5882 3434
6554 1364
1364 8021
6558 6133
6133 892
892 1508
6560 1659
6563 2645
6566 4912
4912 7709
6569 5440
6570 159
159 2527
2527 4022
6573 9820
6577 205
205 407
407 8209
6578 9632
6583 756
756 2367
2367 4998
4998 1669
1669 3471
6584 1155
1155 768
768 4791
4791 6474
6586 5336
5336 7410
6587 7903
6589 344
6590 9890
6591 5911
6594 2129
2129 6372
6372 810
810 5222
5222 8883
6597 4343
6599 884
6601 6407
6602 7106
6606 6141
6612 4522
6620 4514
4514 3466
3466 3254
3254 6221
6221 5448
5448 4556
6621 6729
6622 2919
6623 5120
6624 613
6626 2503
2503 2485
2485 7727
6627 1789
1789 7043
6628 3172
3172 412
6631 1045
6632 4215
4215 3956
3956 1443
6633 9639
6634 5965
6635 7529
6638 7926
6639 5194
6642 424
424 7787
6643 1944
6645 7822
6646 2937
6647 4137
6650 6771
6651 9075
6653 3092
6654 9519
6655 3360
6658 6037
6037 7798
6660 6901
6663 6048
6664 9698
6667 2692
2692 7247
6669 1439
6671 1535
1535 6234
6234 9695
6673 9301
6677 1763
6678 1361
6680 8774
6681 1700
1700 8609
6682 7964
6683 2169
6684 9658
6685 1906
6686 9904
6688 5267
5267 8070
6690 1519
1519 8066
6691 3230
6695 3620
3620 6376
6376 3813
6697 8473
6699 739
739 8927
6702 6268
6268 5288
5288 9979
6703 9978
6705 4928
4928 2047
2047 7948
6707 893
893 2150
6708 376
6709 5890
5890 6143
6143 5111
6710 1690
6711 38
6712 1292
6713 9343
6715 5116
5116 3185
6721 8409
6723 3669
6724 7917
6725 5628
5628 5110
5110 1534
6728 9104
6729 7189
6730 8962
6731 3789
3789 8233
6732 4436
4436 9844
6734 181
6735 1652
6736 4418
6737 6375
6375 2558
6738 7720
6741 8013
6742 2464
6743 5919
6744 5573
5573 5398
6745 3424
6748 8959
6754 3692
6755 6839
6756 1398
1398 5908
5908 117
6757 4328
4328 3094
3094 9265
6758 9599
6761 6013
6762 49
49 1645
6763 396
6765 2441
6766 3185
6768 5833
6769 3279
3279 6416
6416 6575
6575 8929
6770 7687
6771 2662
6774 3222
6777 7606
6778 2508
2508 5058
5058 4636
6780 926
926 8635
6782 4677
4677 1390
1390 6038
6038 7347
6787 5523
5523 8966
6788 6303
6790 3692
6792 3999
3999 9685
6794 3159
6795 5635
5635 9634
6798 1547
6800 9991
6803 3236
3236 4919
4919 7176
6805 3890
3890 1908
6806 9487
6807 6205
6808 6526
6526 2723
6809 1366
6811 5227
6812 422
6813 7775
6818 5217
6819 6888
6820 8437
6821 4616
6822 7550
6823 2924
2924 8244
6826 4267
4267 2449
6829 27
27 704
6830 5584
5584 3639
6833 7602
6835 2159
6836 2558
6837 5662
5662 8286
6838 7795
6839 2901
6840 8989
6841 3676
6843 118
118 8917
6846 905
6849 1092
1092 9935
6853 7377
6855 4595
6859 2551
2551 2653
2653 214
6862 5265
6863 1780
1780 1539
6865 1186
1186 1721
1721 1550
6867 7853
6869 5559
5559 8719
6874 268
6875 7335
6877 6449
6879 6442
6880 4820
4820 2881
2881 2225
6881 2499
6882 2489
2489 712
712 3272
6884 6043
6043 9196
6885 3737
3737 3884
3884 9501
6889 1729
6890 3814
6892 7951
6894 4041
4041 5717
6895 4784
6896 8461
6897 4664
6899 4817
6902 4746
6904 3402
6906 8941
6908 4077
4077 1883
6911 1369
6913 5214
6914 6139
6915 9903
6918 477
6920 8958
6921 3474
6922 3597
6923 7066
6924 8612
6929 1487
6933 6693
6693 4706
4706 1290
1290 8291
6935 2568
2568 4662
6936 937
937 2419
2419 4850
4850 479
479 6499
6499 4711
4711 3301
3301 5497
5497 5758
6937 4698
6940 8745
6941 9744
6942 5111
5111 4628
4628 6269
6269 5772
5772 517
517 3635
6944 2273
6945 4013
4013 4827
4827 1470
1470 775
775 2154
2154 8769
6946 346
346 8120
6947 4170
4170 1649
1649 6857
6857 666
666 8983
6948 870
870 7330
6950 8976
6952 9132
6953 7622
6957 64
64 7364
6960 8289
6961 6119
6962 5992
5992 8685
6964 6121
6121 8534
6965 4365
4365 2305
6966 4257
4257 2137
2137 2410
2410 4356
4356 5042
6968 9189
6969 2676
6970 5655
6971 5275
6975 8017
6976 9782
6978 6225
6981 912
6984 82
82 3805
6985 9763
6987 5088
6988 55
55 3692
3692 2684
6994 5605
6995 7720
6996 8913
6997 5889
5889 3417
6998 7125
7002 3522
7005 1487
1487 9420
7008 1989
7012 8074
7013 4646
4646 4377
7014 4466
7016 7426
7017 1783
7019 8197
7022 6163
6163 3974
3974 8698
7023 1120
1120 723
7024 7021
7025 1065
1065 7272
7027 9877
7028 8339
7029 7072
7032 8650
7033 5172
5172 6101
7034 5720
7037 5472
7040 4778
7043 2063
7045 1947
1947 1817
7046 8834
7047 191
191 9212
7048 8278
7051 6350
7052 5017
7053 5227
5227 9328
7055 9226
7061 6100
7062 201
7063 1189
1189 2803
2803 7888
7064 9876
7065 9851
7067 6860
6860 3717
7070 8721
7071 702
7072 3785
7073 8389
7074 1711
7077 5684
7079 5185
5185 2077
2077 6759
6759 4517
4517 1908
1908 2737
7081 9122
7082 5985
7083 1444
7084 2184
7087 9798
7088 9818
7089 9498
7090 8737
7092 6668
7093 5609
7094 275
7096 734
7097 4746
4746 5101
5101 1961
7098 240
7099 5237
7100 7618
7101 5983
5983 2789
2789 767
767 2132
7103 6109
6109 3932
3932 532
532 6295
7105 3597
3597 1518
1518 1639
1639 3210
7106 9176
7109 4831
7110 2628
2628 3700
7111 1790
7114 400
400 8191
7116 1309
7117 5617
5617 7793
7118 4556
4556 7731
7120 4306
7121 6592
6592 7851
7123 8304
7124 9937
7128 4669
7132 5809
7133 2911
2911 9462
7134 7277
7135 1589
7138 7789
7140 1543
1543 692
7141 8356
7142 5197
5197 7713
7145 6203
6203 8571
7146 1456
1456 7643
7148 1439
1439 965
965 7638
7152 9779
7155 3538
7158 7465
7162 7229
7164 8523
7169 5375
5375 2865
7170 5962
7172 1394
7173 4813
7175 4406
4406 7536
7179 2263
2263 259
7181 2795
7182 1798
1798 4405
4405 3621
7185 8836
7187 601
7188 80
7189 642
642 5821
5821 2185
2185 5828
7191 2557
2557 247
7192 5407
7193 4493
7194 5186
5186 3319
3319 2773
2773 3134
3134 1970
7195 220
220 3191
7196 328
7197 8420
7199 6799
7202 115
7204 788
788 5629
7205 1334
7209 9859
7211 6565
7212 1924
1924 2736
2736 5955
5955 3161
3161 983
983 1856
7213 5562
7214 1849
1849 2183
7215 1734
7217 1441
7219 257
257 2838
7220 9557
7225 732
7226 4068
4068 813
813 8849
7227 1607
1607 5098
5098 2513
2513 808
808 5219
5219 938
7229 4301
7230 9826
7231 876
7234 2150
2150 203
203 3423
7241 5703
5703 6619
6619 6132
7243 6461
6461 6419
7249 8063
7250 9279
7252 7787
7253 8115
7255 9927
7257 8105
7258 4202
4202 5947
5947 5282
7262 2875
2875 9300
7263 8725
7265 8073
7266 2584
7267 5528
7272 6912
6912 2654
2654 4159
7274 5927
5927 948
948 9961
7275 71
71 8818
7276 2209
2209 3657
7277 7208
7278 1478
1478 3069
3069 3012
3012 3833
3833 1939
1939 95
95 3631
7279 8975
7280 1754
7282 7771
7283 6226
6226 9918
7284 3130
7286 8948
7288 9900
7291 1690
7292 6252
7293 2117
7297 3601
3601 4355
4355 2038
2038 7636
7299 85
85 8254
7304 2444
2444 5991
5991 9034
7305 4022
4022 3504
3504 6350
6350 4753
4753 7221
7307 8167
7308 8180
7309 6023
7310 5254
5254 7616
7311 9201
7312 1366
7313 8805
7316 506
7317 9925
7318 7010
7010 7356
7320 2449
7321 303
7322 2938
2938 5604
7324 7361
7325 4844
4844 9939
7326 3092
3092 4624
7327 8135
7328 5333
7330 9019
7332 2207
2207 7715
7334 9419
7335 6652
6652 5325
7336 2054
2054 1000
1000 4807
4807 2172
2172 7948
7337 1379
1379 9531
7338 6436
7339 7165
7165 6824
6824 4002
7340 2902
7342 6905
7343 2541
2541 583
7347 8319
7348 1496
7349 9000
7350 5993
7352 3225
7356 9833
7357 5728
5728 5722
7358 452
452 6700
7359 360
360 2501
7360 8711
7363 1877
1877 5897
7364 8369
7365 1777
7366 9720
7369 1616
1616 1287
1287 2847
2847 4188
7371 8033
7374 3901
7376 9511
7378 9092
7380 5207
5207 1165
1165 3943
7381 2657
2657 1831
1831 9153
7383 3610
3610 1391
7385 8030
7387 8189
7391 2297
7393 6337
6337 2623
2623 4481
4481 7476
7395 4520
4520 8488
7401 8517
7402 640
7403 4732
7407 1746
1746 4874
4874 6338
7408 4801
4801 8007
7409 1705
1705 9834
7410 8644
7412 1292
1292 2332
7413 8843
7414 3674
7418 8665
7424 3914
7426 3445
3445 8234
7428 7737
7429 9071
7430 300
7432 149
149 2676
2676 6533
7434 9950
7443 2562
7446 266
266 7539
7447 7639
7449 5247
5247 2122
2122 1202
7452 3449
3449 5660
5660 6468
6468 6183
7453 9405
7455 6572
6572 7421
7421 8856
7458 772
772 7171
7461 8817
7462 5735
7463 4269
4269 3564
3564 654
654 4391
7464 5711
7467 8425
7469 2578
7470 9724
7471 6512
6512 83
83 9176
7472 7924
7473 466
466 6939
6939 9709
7474 9391
7475 8673
7476 6722
6722 1318
7477 4737
7478 9694
7480 7702
7484 6845
6845 7507
7487 2861
7488 7982
7489 7269
7269 7725
7491 9201
7497 3611
3611 212
7500 583
7503 6033
7505 402
402 355
7508 9971
7509 3293
3293 5047
7511 218
218 7550
7512 5532
7513 5589
5589 4363
7515 8569
7516 1223
7518 3004
3004 847
7520 4859
4859 9762
7521 652
652 9793
7522 3682
7525 5788
5788 258
258 6636
7526 9165
7527 1803
1803 9953
7536 2169
7537 2174
7538 574
574 8166
7539 8976
7542 5613
7545 211
7546 310
310 3624
3624 7926
7547 1285
1285 1709
7550 3827
3827 7333
7333 1357
1357 6949
6949 4664
4664 3355
7551 905
905 8495
7553 1533
1533 5911
5911 3562
3562 7504
7555 6218
7556 579
579 4731
7557 1166
7559 6159
6159 2364
7562 6753
7565 9084
7570 8955
7571 743
7574 6567
6567 4131
4131 7955
7576 3944
3944 9035
7577 381
7579 7439
7439 6259
6259 5627
5627 145
7580 2592
7581 2262
2262 3474
3474 2095
7582 6430
6430 1276
1276 3784
3784 8748
7583 4934
7585 3867
3867 8158
7592 7517
7517 247
7599 8921
7601 6064
6064 951
951 5107
5107 6341
6341 9422
7602 7107
7603 5395
5395 9834
7605 1531
1531 9757
7606 9043
7607 3447
7608 9210
7609 4057
7612 5057
5057 8796
7614 8464
7615 8471
7616 824
824 8418
7617 3598
3598 4228
4228 6040
6040 1373
1373 5999
5999 6137
7618 2168
2168 3481
3481 2828
2828 3068
3068 8638
7621 4997
4997 7392
7622 8114
7624 1315
1315 1793
1793 6991
6991 2693
7626 3509
7628 3316
7629 7627
7630 5318
7631 2070
2070 318
7632 2128
7636 3238
7638 121
121 6791
7639 28
28 552
7640 9500
7641 9160
7642 5905
5905 8656
7643 4542
7645 7167
7167 1783
1783 8610
7646 433
433 3113
3113 4062
7647 908
908 1729
1729 8569
7648 7678
7649 2195
7653 4506
4506 853
853 7222
7222 5192
7655 9804
7658 5694
5694 7481
7659 5449
7660 6977
6977 6927
7661 1880
7663 7924
7664 5396
5396 8876
7665 7561
7667 9666
7668 734
7670 4404
4404 820
820 8010
7671 8536
7673 57
7676 2670
2670 3103
3103 3442
7677 1136
1136 1769
7679 6456
6456 571
7682 3438
7684 9976
7685 5937
7686 1650
1650 9466
7687 9778
7693 7786
7694 4696
4696 8377
7695 3511
3511 4250
7699 5035
5035 2592
2592 140
140 1405
1405 7838
7701 3378
3378 9230
7702 6516
6516 3406
7703 4538
4538 1419
7706 8374
7707 8885
7708 3840
3840 5078
5078 4258
4258 3626
3626 5962
5962 1344
1344 7666
7666 329
329 3705
3705 8807
7710 1912
1912 6011
7712 2619
7713 1190
7714 1632
7715 2719
7716 6104
7718 1322
7719 1720
7722 7368
7368 6383
7723 7499
7725 800
800 9788
7727 7808
7728 3299
3299 3568
7732 7696
7734 3143
7735 4769
4769 2079
2079 9096
7738 170
170 272
272 2075
7739 6278
7742 1737
7743 1441
1441 5344
5344 3005
7751 7864
7752 8293
7754 7465
7756 1958
1958 7015
7757 5741
5741 7865
7758 9792
7759 9088
7760 4120
4120 8369
7761 7849
7763 1807
7765 2108
2108 9553
7766 7804
7768 7534
7534 6390
6390 1309
1309 341
7769 7442
7770 303
303 5017
7771 2616
2616 967
967 2335
7773 5827
7774 2333
7777 2584
2584 342
342 1202
1202 3990
3990 4959
4959 2440
7778 4756
7779 6353
7780 142
142 9037
7785 9901
7786 8322
7789 3665
7791 9597
7792 7001
7001 129
129 4732
4732 3858
3858 5401
5401 4441
7795 61
7796 6739
7799 7750
7800 4825
7801 8359
7803 2034
7804 7964
7807 3476
3476 145
7810 8464
7811 7573
7573 8115
7814 692
692 2612
2612 3135
7815 186
186 5534
5534 749
749 294
294 6640
7817 3104
3104 1419
1419 6041
6041 601
7819 8299
7822 5946
5946 7377
7377 6309
6309 8527
7823 5851
5851 823
7824 3824
3824 4004
7827 5204
5204 1839
7828 9176
7829 5791
5791 8175
7833 1748
1748 7651
7834 5801
7835 4357
4357 208
208 4884
4884 2748
7836 1736
7837 2414
2414 473
473 8551
7838 6273
7839 8263
7841 7346
7346 4867
4867 9030
7842 6139
7843 279
279 9911
7844 7724
7846 7004
7004 9834
7847 3996
3996 6581
6581 8530
7852 7563
7563 3532
3532 19
19 7314
7314 9536
7853 2580
2580 9491
7854 9849
7855 751
7858 3124
7859 1739
1739 737
737 4790
4790 6132
6132 614
7860 9181
7861 5171
5171 3937
3937 3755
3755 7404
7404 1960
1960 8000
7863 8713
7864 5775
7865 7578
7578 7519
7519 5809
5809 5255
7866 6091
7867 6700
6700 607
7869 9305
7870 6228
6228 1903
1903 2131
2131 1608
1608 4735
7871 7006
7874 1821
1821 877
7877 624
624 9815
7878 3386
7880 3437
7881 3304
7883 5241
5241 3184
3184 9070
7886 7987
7888 6294
6294 6300
7889 6306
7890 3745
7893 5665
5665 4899
4899 77
77 5281
7894 3572
3572 2622
7897 6321
6321 2528
2528 4742
4742 2123
7901 3437
3437 1899
1899 5976
5976 6387
7902 9465
7903 1652
7904 8483
7905 2025
2025 1576
1576 8743
7907 9971
7909 8171
7911 9648
7912 1886
1886 6872
7913 3434
7914 8015
7916 571
571 9524
7917 8743
7918 7411
7920 6481
6481 325
7921 7504
7504 4070
7923 215
215 5839
7924 3219
3219 8129
7925 7056
7056 7782
7927 10
7929 2961
7930 3488
7932 7619
7933 7691
7691 1829
1829 4966
4966 2934
7934 3256
3256 3534
3534 4948
4948 8128
7936 5990
5990 8064
7937 2343
2343 7468
7468 6870
7938 4712
4712 4600
4600 4802
4802 6047
6047 441
441 7967
7940 5008
7941 7049
7943 5104
7944 7821
7821 4875
4875 9477
7947 4946
7949 199
199 2775
7950 1346
7953 3313
3313 1911
7954 6533
6533 3927
7956 5307
5307 506
7957 6967
6967 5562
7958 9560
7960 9977
7961 4535
4535 8977
7963 8322
7966 4946
4946 6974
7969 4115
4115 7465
7465 634
634 3614
7970 7593
7593 7709
7973 1342
7978 9593
7979 6280
6280 1980
7980 5988
5988 9735
7981 1510
7983 9277
7985 3298
3298 7287
7287 7419
7987 9713
7990 8211
7992 4580
4580 5745
5745 4936
4936 6180
7994 3541
3541 5754
5754 2836
2836 3116
3116 3788
7997 3290
3290 5786
5786 1902
1902 974
974 4863
7999 1170
1170 6593
6593 5154
5154 1461
8000 1416
8001 823
8002 5433
8004 8326
8007 3801
3801 8260
8008 4367
4367 9323
8009 2326
8010 8883
8011 5569
8013 6764
8016 1833
8018 5226
5226 4262
4262 6338
6338 8012
8012 5531
5531 6866
6866 2292
2292 5684
5684 4242
8019 4804
4804 3044
8020 6053
8021 5496
8022 4737
8026 104
104 6368
6368 5206
8027 1856
8031 1777
1777 7239
8032 1471
1471 1387
1387 110
8034 9492
8036 4353
8037 8649
8039 2044
2044 1600
1600 3665
3665 5390
5390 3914
3914 3218
8042 5376
5376 1995
1995 7240
8044 8548
8045 2764
2764 9393
8046 1623
8047 7341
8051 9321
8052 693
693 2725
8053 1787
1787 1918
8055 6424
6424 4455
4455 5712
5712 440
8058 5753
8059 3917
8060 802
8061 3033
3033 2353
2353 4136
8063 2211
2211 3072
8064 8628
8066 9964
8068 8527
8069 4004
8070 122
122 8650
8072 6475
8073 1171
8074 5070
5070 9437
8078 2436
8081 2324
8083 9809
8087 2460
2460 5647
5647 6434
6434 5693
8089 2742
2742 9696
8092 6355
8094 7180
7180 8730
8095 4547
4547 6051
8096 8618
8097 2978
2978 2409
8098 6576
6576 5760
8100 1249
1249 194
8101 9113
8102 4824
8103 5641
5641 7637
7637 997
8104 7208
8105 7959
7959 791
8107 7049
8108 2559
2559 1951
8109 7764
8110 7069
7069 2230
8111 6549
8113 7450
7450 423
423 5758
5758 2403
2403 293
8114 8030
8030 9975
8117 9032
8118 1645
1645 9324
8119 8687
8120 5287
5287 2768
2768 643
8121 5633
5633 8981
8123 7454
8125 1492
1492 4057
8126 6816
6816 3631
3631 2375
2375 1581
1581 837
8128 4364
4364 1391
1391 2913
8129 6013
6013 5557
5557 6740
6740 2501
2501 5160
8130 3238
3238 4661
4661 2954
8131 2472
2472 757
757 3394
8132 9020
8134 6213
6213 3876
3876 4368
4368 3525
8135 6138
6138 5580
5580 9229
8138 2915
2915 6196
6196 651
651 5985
8140 7560
7560 3599
3599 2011
2011 6883
6883 3455
3455 1978
1978 6506
6506 8771
8142 1244
1244 6108
8145 7030
8146 5576
5576 5447
5447 8091
8091 7812
8147 9199
8148 182
8149 3151
3151 1148
1148 1996
8151 7246
7246 1385
1385 7790
7790 3844
8152 7080
7080 3265
8153 2332
8155 9603
8156 9450
8157 8560
8158 531
531 8239
8159 1260
1260 9716
8160 8627
8161 247
247 5013
5013 3689
8162 561
8163 5501
5501 1619
1619 3386
3386 6618
8166 6181
8167 9942
8169 115
8170 1745
1745 9572
8171 8417
8172 8057
8173 8717
8174 7657
8175 9857
8176 5025
8179 4624
8180 9094
8182 7964
8183 3237
3237 1443
8184 7882
7882 9312
8185 2801
2801 5256
5256 6454
8187 6272
8188 1133
1133 3640
3640 5715
8191 1411
1411 7885
7885 6095
8192 875
875 5162
8194 2073
2073 704
704 6117
6117 1348
1348 9080
8196 3324
3324 6927
8197 6989
6989 5130
5130 4250
4250 7529
8199 7151
7151 1773
1773 4166
4166 9454
8201 6218
6218 6854
8203 5655
8205 4509
4509 595
595 9639
8207 8529
8210 5255
8211 5910
5910 2286
8212 627
8214 4305
4305 4812
4812 3042
3042 2481
2481 7009
7009 5861
8218 8759
8219 5026
5026 480
8221 8578
8222 4200
4200 866
866 6727
6727 5055
8223 1658
1658 2323
2323 2550
8226 22
8227 3371
3371 9187
8228 3249
8229 9995
8230 9085
8232 3555
3555 4490
8234 1342
1342 7812
7812 5818
8236 6607
8237 9729
8240 2335
8241 7988
7988 1370
8242 1911
1911 7775
8243 391
391 1684
8244 5425
5425 1153
1153 3985
8245 8500
8246 5423
5423 2425
8252 9494
8253 4856
8254 8251
8255 9756
8256 6222
6222 7355
7355 1201
8258 4195
4195 5350
8259 7302
7302 3951
3951 4608
4608 2603
2603 8878
8260 2121
8261 9931
8264 1722
1722 7351
8265 9710
8266 4736
4736 4722
4722 223
8267 6489
6489 1713
1713 3414
3414 5982
5982 5163
5163 9605
8269 662
8270 8645
8271 3145
3145 1074
1074 8382
8274 2512
8275 293
293 927
927 7183
8276 9785
8277 6264
6264 3268
8278 8827
8279 9549
8280 8697
8281 4748
8283 1238
8284 8347
8285 7147
7147 3423
8286 9760
8287 2071
8289 8600
8292 5170
5170 2937
2937 9049
8293 9616
8294 4223
4223 1190
8296 3202
8297 6039
6039 9241
8298 4835
8302 7683
7683 2730
2730 2652
8303 2128
2128 1883
1883 9596
8304 3483
8305 9346
8306 2964
2964 9715
8309 9548
8311 4359
8313 5708
5708 1253
8314 4441
8318 9587
8319 5276
5276 6802
6802 1674
8323 1422
1422 2640
2640 9893
8324 7417
7417 5502
8325 1961
1961 9051
8326 1227
8327 5496
8329 8122
8122 2502
2502 2065
2065 3263
3263 6260
6260 6249
6249 396
8330 1140
1140 4324
8333 5067
5067 2763
2763 2476
2476 1628
8334 7427
8335 3119
3119 9250
8339 6330
6330 3612
3612 9193
8340 211
211 7876
7876 7329
8342 5549
5549 2757
8343 8655
8346 1250
8348 7131
7131 7221
8349 4616
8350 3964
3964 2990
8352 3427
3427 5292
5292 9937
8353 6847
6847 9336
8354 4495
4495 3438
3438 5206
5206 2464
2464 4478
8355 4647
4647 2395
2395 9893
8356 9944
8357 1702
1702 2167
8358 5164
8359 5249
5249 9461
8360 2300
2300 7237
8361 4050
4050 9739
8362 6119
6119 4239
8365 5850
5850 7705
7705 4336
4336 9755
8366 9008
8367 914
8369 8322
8322 9910
8370 1858
1858 4270
4270 9345
8373 3593
3593 7634
8374 4666
4666 3362
8375 6425
6425 2196
8376 9032
8378 8662
8379 8712
8380 7433
7433 4649
4649 5203
5203 3368
8381 9776
8385 1007
1007 5892
5892 1057
8387 7692
7692 8665
8388 2114
8390 7872
7872 2766
2766 3910
3910 9608
8391 1901
1901 6873
6873 5347
5347 5093
8393 1253
1253 8736
8395 744
744 3308
3308 7000
7000 9126
8396 990
990 6474
8397 3312
3312 3906
3906 182
182 1627
8399 3208
3208 7634
8400 8790
8401 7323
7323 4973
4973 7891
7891 8415
8403 7767
8405 3785
3785 5181
5181 5690
5690 5918
5918 379
8406 6538
8407 7781
7781 630
630 7816
8408 3176
3176 7524
8409 3888
3888 226
226 7451
8411 3075
8412 9868
8415 7466
7466 5625
8416 8621
8417 997
8418 1716
8420 415
415 7247
7247 2540
2540 4023
8421 6972
6972 1664
1664 864
8423 8035
8035 1023
1023 7270
8424 8543
8425 6785
8426 9638
8429 6562
6562 1817
1817 2425
2425 7589
7589 1553
8431 6075
6075 577
577 5539
5539 8993
8432 5880
5880 7567
8433 2720
8434 793
793 878
8436 6066
6066 939
939 4639
4639 9435
8437 9341
8438 2721
2721 4012
8439 6675
6675 9972
8441 869
8443 8247
8444 1928
1928 9418
8446 5621
5621 7248
7248 396
396 2231
8448 3970
8449 4321
4321 8799
8450 9640
8451 6901
6901 8344
8454 4450
4450 3283
8457 7675
7675 7078
8458 268
8459 1586
8460 8865
8461 4545
4545 8090
8090 567
567 8193
8193 9303
8463 410
410 9407
8464 259
8465 8763
8466 5527
8467 3287
3287 2351
2351 5059
5059 3010
3010 9728
8468 7139
8470 5944
5944 584
584 1030
1030 3224
3224 3218
8471 4888
4888 746
8472 7840
8473 4130
4130 6928
6928 7868
7868 8291
8291 8644
8474 161
8480 2408
2408 6479
8482 6063
8483 7544
7544 5993
5993 6733
6733 670
8485 6004
6004 7506
7506 6200
6200 5258
5258 3850
8486 1421
8487 4642
4642 1922
1922 3144
3144 9651
8490 9581
8491 295
8493 4447
8494 9138
8495 9857
8496 2244
2244 774
774 2510
2510 261
261 6983
8497 6301
6301 2311
2311 8043
8043 1198
1198 2550
2550 5017
5017 7494
8498 8249
8249 5311
5311 9755
8499 5671
8502 9913
8503 6077
8505 511
511 4054
4054 7154
7154 5075
8506 5530
8507 4612
8509 1755
1755 5237
8510 1625
1625 6514
8513 5726
5726 1968
1968 1242
1242 7879
7879 7724
7724 3742
8514 4281
4281 2063
8515 676
676 4177
4177 5711
5711 1099
1099 6910
6910 7416
8516 3020
8517 8422
8422 6616
8518 9725
8521 9471
8522 1626
1626 3265
8523 9797
8524 7235
8525 341
341 7567
8530 5169
5169 223
223 7986
8535 5216
5216 6556
8537 7044
7044 8178
8178 2913
2913 2177
8538 3970
3970 7486
8539 6447
8541 4951
4951 3517
8542 7200
7200 4247
4247 9701
8543 6861
6861 7178
7178 2838
2838 7372
8546 3045
8548 9734
8550 9338
8551 5884
8553 389
8555 1805
8556 5407
8557 6887
6887 8935
8558 997
997 1575
1575 6784
6784 3924
3924 7273
8560 6106
8562 1044
8564 7805
8565 645
645 802
802 3360
8567 1651
1651 2775
2775 649
649 8583
8568 9019
8569 9864
8570 5498
8571 2268
2268 2159
2159 5364
5364 888
888 6225
6225 4918
4918 2651
8576 4343
8578 5956
5956 2112
2112 4576
8580 5498
5498 8363
8582 604
604 178
178 8743
8584 7341
7341 3401
3401 2589
2589 6393
8585 6114
8587 4152
8588 412
412 7741
8589 550
550 661
661 2448
2448 5828
8590 1089
1089 5747
5747 8248
8591 7745
8592 1003
1003 4137
8593 2401
8597 5411
8599 2195
8601 4595
8602 8440
8603 2656
2656 9701
8604 2961
8605 9578
8606 6579
8607 6556
6556 6069
8608 5710
5710 2496
2496 4204
8609 5493
8611 9
9 8398
8398 3509
3509 5299
5299 4789
4789 4762
4762 6564
8615 3052
3052 2230
2230 3450
3450 7228
8616 7039
7039 516
8617 1714
8618 3225
3225 9248
8620 3365
3365 7041
7041 8958
8621 1973
1973 3586
8624 6373
6373 8705
8626 5722
5722 4885
4885 2121
8627 9614
8628 9600
8630 2694
2694 4863
8634 3521
3521 1727
8635 5644
8637 4192
4192 4165
4165 2969
2969 9857
8638 7919
7919 8489
8642 9853
8643 5790
5790 2564
2564 6630
8644 7021
7021 7862
7862 2946
2946 8239
8646 9542
8647 8085
8648 3191
3191 8337
8649 4582
4582 7498
8651 8484
8484 7149
8653 4343
8654 4501
4501 7672
7672 750
750 745
745 3889
3889 7384
7384 5733
5733 44
44 7030
7030 6980
8657 4999
8658 914
914 306
306 4414
8661 3708
3708 9729
8662 1214
1214 230
8664 8723
8666 1711
1711 9691
8668 2235
8669 88
88 7161
7161 5916
5916 3234
3234 7850
8672 7764
7764 5701
8673 582
582 3719
8674 5807
5807 1431
1431 6831
6831 5535
5535 8771
8675 5356
8676 7319
7319 5358
5358 7281
7281 1671
8677 6386
8680 7736
7736 940
940 3422
3422 4023
4023 4082
8682 7806
8683 6433
6433 8079
8079 3098
8684 8561
8685 3686
3686 3193
3193 8933
8694 2130
8695 4788
4788 6315
6315 3392
3392 8336
8696 9596
8698 6553
6553 3061
8700 9279
8702 6419
6419 7532
8705 2135
8706 8177
8177 6060
6060 2301
2301 8701
8701 8475
8707 6931
6931 4536
4536 7095
7095 4173
4173 3086
3086 9340
8708 4064
4064 7620
7620 4017
8710 753
753 5504
8712 1018
8714 8655
8655 5701
5701 4070
8715 1460
8716 4828
8719 8860
8720 1589
1589 9268
8721 5833
5833 7598
7598 9571
8722 9825
8723 4076
8726 3087
3087 4091
4091 7353
7353 372
372 3581
3581 43
43 394
8727 9909
8728 6374
6374 9371
8729 421
8730 818
8731 7548
7548 8208
8732 5562
5562 9101
8733 809
809 882
882 5582
5582 2697
2697 4879
4879 6108
6108 6355
8734 7986
7986 4468
8735 5157
5157 7700
7700 557
8737 5989
5989 1298
1298 9016
8739 7208
7208 6932
6932 561
8741 3310
8746 5442
5442 5494
8747 9634
8748 4651
4651 6760
8749 5329
8752 4331
4331 1612
1612 6447
6447 4995
4995 4969
4969 720
720 1937
1937 7232
8754 4176
4176 3987
8755 8579
8756 3255
3255 8017
8017 5291
5291 7448
7448 7388
8757 616
616 5987
5987 2041
8760 1866
8762 5152
5152 1797
8764 6012
8765 6747
8767 3874
3874 9079
8768 7059
8769 5087
5087 999
8771 8841
8772 9044
8773 8656
8775 3674
3674 6557
6557 6355
8777 2897
8778 4765
4765 8540
8540 7108
8779 6739
6739 2708
8780 8033
8781 1199
1199 8559
8782 2198
2198 7884
7884 6146
8783 7898
8786 653
653 5600
5600 4542
8787 8809
8788 1079
8789 5240
8790 4293
8791 2117
2117 3377
3377 7221
7221 8233
8233 539
8792 4102
8793 3409
3409 9200
8794 980
8796 9643
8797 5965
5965 5693
8799 9775
8802 8198
8803 9998
8805 1135
1135 5384
5384 3715
3715 8347
8347 5472
5472 7595
7595 46
8811 9513
8812 111
8814 5275
8815 5128
8816 9888
8817 243
8820 135
135 6893
8821 4964
4964 607
8823 9207
8825 1005
1005 6825
6825 73
73 2111
8826 4121
8827 9898
8829 16
16 864
8830 7952
7952 4941
8831 2774
2774 4866
8832 184
184 2130
2130 8065
8834 3600
3600 325
8835 4319
8836 9882
8837 2748
8838 9939
8839 8532
8841 1425
8844 755
755 4763
4763 2141
8845 3636
3636 1570
1570 9639
8846 8610
8847 7875
7875 728
8848 9414
8849 7613
7613 9892
8850 5948
5948 3135
3135 1173
1173 6773
8852 7587
7587 5926
5926 8736
8736 7268
7268 3205
3205 3895
3895 2255
2255 4051
4051 9297
8853 3943
3943 5761
5761 7427
7427 8924
8854 3464
3464 4434
4434 5483
5483 1181
1181 9122
8855 508
8856 8216
8216 8894
8857 354
8859 2221
8860 7438
8864 6283
6283 7561
8867 6834
6834 9023
8868 5334
5334 1749
1749 8317
8869 8687
8687 3381
3381 9812
8871 9377
8872 641
641 5917
5917 8652
8652 4183
4183 38
38 2926
2926 167
167 1663
8873 8979
8875 5762
5762 7303
8879 5328
8880 6479
6479 9854
8881 9965
8882 1905
1905 5041
5041 2767
8884 2598
2598 9646
8886 9822
8887 4694
4694 2822
2822 2430
8891 1457
1457 4542
4542 2397
8894 1784
8896 1841
1841 3478
8897 6668
6668 9081
8898 2075
8899 2635
2635 9964
8900 5902
8902 8573
8573 516
516 1141
1141 9288
8903 9690
8906 3635
8908 8623
8910 665
8912 3913
3913 7251
8913 3153
3153 7271
8914 789
8916 2674
2674 4583
4583 2958
8917 6507
8919 5904
5904 1681
1681 6012
6012 1116
8922 8944
8923 2733
2733 5671
8924 161
161 5454
5454 112
112 8200
8927 8725
8725 5160
5160 3239
3239 4824
4824 872
872 3856
3856 5979
8929 6694
6694 9677
8931 8213
8213 5125
5125 6753
6753 9799
8933 8025
8025 7125
7125 4819
4819 4002
8934 7857
7857 3375
3375 6126
6126 2802
2802 7060
8935 4780
4780 3048
3048 4488
4488 414
8936 6247
6247 6523
6523 2484
2484 5674
5674 6963
8937 5391
5391 3101
3101 9360
8938 3985
3985 6069
6069 6137
6137 8435
8939 9037
8940 3690
3690 4750
8941 6224
6224 7747
8942 8268
8268 4832
4832 9112
8943 2118
2118 6
6 1751
1751 7696
7696 3947
3947 2049
2049 340
8944 9565
8945 8301
8947 497
497 3748
8948 5025
5025 192
192 7294
7294 540
540 2708
2708 7398
7398 5541
8949 6266
6266 3436
3436 2688
2688 9301
8951 117
117 4999
4999 2771
8952 1022
1022 6973
6973 7289
8953 1915
8954 2795
2795 8086
8955 9370
8956 9581
8959 4522
4522 8024
8024 9343
8960 2950
2950 6056
6056 2225
8961 6023
6023 1999
8962 5362
5362 1473
1473 2787
2787 7610
8963 5612
5612 26
26 7619
7619 1998
8964 6641
6641 4876
8965 79
8967 7788
8968 6580
6580 3579
3579 7782
7782 4980
4980 980
980 7726
7726 4622
8969 7492
8970 8143
8143 8979
8971 8071
8071 3589
3589 6423
6423 3582
3582 6716
6716 2148
2148 4243
4243 4994
8973 6815
6815 7104
7104 3657
3657 1353
1353 3220
8974 9713
8975 6585
6585 2331
2331 301
301 5007
5007 1925
1925 5356
5356 4239
4239 2754
2754 4113
4113 6454
6454 3400
3400 4201
8976 7625
7625 7176
7176 3482
8977 4733
8980 3730
3730 9587
8983 1915
8984 8154
8154 9060
8985 771
771 7528
8986 609
8990 5571
5571 7115
7115 837
8991 6101
6101 2645
8992 6951
6951 3341
8993 6287
6287 6391
6391 8410
8410 4871
8994 7059
7059 8481
8481 9759
8995 8492
8996 4413
4413 210
8998 5389
9000 3742
3742 1029
9002 5393
5393 9786
9004 173
173 7895
7895 6999
9005 1201
9006 9952
9007 786
786 9901
9009 116
116 8744
9010 2578
2578 8040
8040 7
7 5187
9011 6048
6048 9034
9014 9358
9015 6850
6850 6870
9018 5969
5969 7704
7704 734
734 553
553 1628
9020 5038
9021 8920
8920 1989
1989 8807
8807 4764
4764 5408
5408 4352
4352 6465
6465 9743
9022 183
183 5352
9023 6027
6027 3065
9026 2286
9028 5452
9029 2032
2032 5718
9031 5422
5422 8321
9033 1271
1271 7389
7389 7802
7802 629
629 930
9034 3503
3503 5419
5419 2334
2334 2704
2704 953
953 6983
6983 9234
9035 5608
9036 155
155 3210
3210 2642
2642 3750
3750 3923
3923 4322
9038 3326
3326 7721
9040 3039
3039 4015
9041 7965
9042 2252
2252 2992
9043 2041
2041 9627
9044 2111
2111 325
325 2269
9045 5958
5958 2453
2453 5614
9046 4750
9047 8697
8697 2893
9048 1063
9050 2992
2992 2864
9051 1010
9052 4490
4490 9600
9053 9903
9055 2497
9056 295
295 4319
4319 5023
5023 930
930 3395
3395 8321
8321 2135
9057 5251
5251 7674
7674 5541
5541 2215
9058 1418
1418 9854
9059 6509
9060 2396
2396 1448
1448 3536
3536 3594
9063 6679
9065 6442
6442 9062
9062 9635
9066 876
876 9226
9067 214
214 6926
9068 5638
5638 3434
3434 8195
8195 2609
9069 4062
4062 3767
3767 2783
2783 1338
1338 694
694 7832
7832 7244
7244 9966
9071 460
460 2853
2853 7596
7596 4441
4441 4860
9072 5341
5341 5275
5275 6604
9073 6205
6205 9339
9074 9260
9075 1215
9076 6471
9078 4363
4363 78
9081 6917
6917 3987
3987 9554
9082 6549
6549 2901
2901 9918
9084 3940
3940 8842
8842 1086
1086 9217
9085 8301
8301 1035
9086 5554
9088 543
543 1611
1611 5315
5315 5614
5614 5980
5980 6615
6615 4417
4417 2599
2599 7597
7597 6326
6326 2387
9089 7144
7144 1591
9090 4322
4322 6324
6324 8561
9091 8049
8049 2099
9095 3525
3525 6637
9096 6106
6106 3159
3159 9120
9097 7892
9098 1856
1856 3235
3235 963
963 1852
1852 4723
9099 4704
4704 5037
5037 387
9100 2105
2105 7011
7011 1965
9106 1825
1825 451
451 6140
9108 5281
5281 3143
3143 8808
9109 2889
2889 5282
5282 5091
5091 2330
2330 732
732 9384
9110 1264
1264 6751
9111 9789
9112 2
2 1666
9113 7108
7108 9683
9116 2813
2813 9232
9117 5524
9120 2155
9123 5165
5165 684
9124 6395
6395 3997
3997 7006
9126 8890
9128 4304
4304 3124
9130 8981
8981 2693
9132 69
69 1647
9133 7805
7805 6871
6871 1586
1586 4175
4175 3837
3837 6359
6359 9553
9134 2215
2215 6674
6674 5629
5629 9246
9135 1340
1340 7438
7438 2191
2191 5164
5164 2873
2873 5426
5426 9791
9136 5255
5255 7946
7946 2617
9137 8818
8818 2273
2273 1763
9141 7730
9142 8312
8312 3421
3421 9437
9143 2947
2947 4167
4167 670
670 3897
3897 5012
5012 3702
3702 6010
6010 702
702 4782
4782 1850
1850 1630
9144 9742
9146 8310
8310 456
456 1321
1321 3502
3502 3549
3549 7216
7216 4238
9148 2035
9149 1970
1970 1627
1627 3108
3108 2456
2456 7851
9151 9901
9153 9713
9154 498
498 8751
8751 7942
9156 422
422 8488
9157 2132
2132 2217
9158 4611
4611 5685
5685 705
705 6747
6747 4139
4139 5441
5441 339
339 7591
7591 8054
8054 3351
3351 3787
9160 5349
5349 6005
9162 3045
3045 2457
9163 9786
9164 6327
6327 447
447 2247
9165 3936
3936 1063
9166 7746
7746 640
640 594
594 5727
5727 5093
5093 2707
2707 1837
1837 832
832 3354
3354 5440
5440 1014
1014 7494
9167 2333
2333 7026
7026 7528
7528 6714
6714 8168
8168 1942
1942 268
268 6773
9169 2732
9171 5593
5593 2806
2806 5525
9174 4083
9175 14
14 9936
9177 1694
1694 6253
9182 5304
5304 1637
1637 1496
9183 4479
4479 3551
3551 356
356 1554
1554 5493
5493 5048
9184 321
9185 3872
3872 1640
9186 213
213 5235
5235 8594
9187 8526
9188 212
212 2430
2430 4280
9189 3428
3428 9296
9191 787
9192 8905
9193 9914
9194 6495
9197 1508
1508 379
9198 7054
7054 4464
4464 557
557 2749
9200 1918
9201 4562
9202 1832
1832 5706
5706 2120
2120 9840
9203 1559
9204 4005
4005 355
355 7610
7610 585
585 7399
9205 5410
9206 3480
3480 4055
4055 6625
9208 5050
5050 8761
8761 4085
4085 3661
3661 8028
8028 6521
6521 7454
9209 7740
9211 684
684 1322
9212 6726
6726 8023
9213 6827
9214 5141
5141 5407
9215 6483
6483 5148
5148 180
180 6172
6172 8317
8317 7998
7998 2620
2620 707
9216 5777
5777 5439
5439 4725
9217 2667
2667 5861
5861 9013
9013 4505
4505 6844
9218 8225
8225 1237
1237 5510
5510 7273
7273 5610
5610 5591
5591 2063
9222 5968
9223 9181
9181 8804
8804 8689
8689 2966
9224 74
74 4733
4733 5481
5481 3182
9225 6273
6273 5434
9226 7259
7259 5485
9227 3877
3877 4466
9228 8987
9231 8636
9232 9032
9032 8190
9233 1201
9234 6767
6767 3128
9235 5115
5115 1420
9236 4523
9240 2177
2177 5953
5953 1219
1219 8577
8577 8479
9241 1712
1712 9210
9210 665
665 7899
7899 5284
5284 5153
5153 1805
1805 9299
9243 2411
2411 61
61 2600
9245 1839
1839 2441
2441 1915
1915 4524
4524 5159
5159 3346
3346 9683
9246 2951
9249 3757
9251 1269
1269 9178
9178 2039
2039 1010
9253 1684
1684 9524
9254 8774
9255 3777
3777 3229
3229 9384
9256 996
9257 6182
6182 8808
8808 3882
3882 7423
7423 1714
1714 8520
8520 2409
9259 7689
7689 4731
9260 549
549 3713
3713 3112
3112 1501
1501 7068
9261 1830
1830 2977
2977 6462
6462 5104
5104 243
9262 5494
5494 9641
9263 7554
7554 1778
1778 8667
8667 8413
8413 5106
5106 9515
9264 6127
6127 5118
9265 5594
5594 1254
1254 869
869 912
912 65
65 3682
9266 9861
9269 7711
7711 1846
1846 2506
2506 2866
2866 8220
9270 5250
5250 9301
9271 7737
7737 7982
7982 8704
8704 707
707 2719
2719 9247
9247 8784
9272 6785
6785 91
91 2497
9273 4482
4482 1114
9274 3844
3844 6418
6418 1710
1710 8080
9275 5080
9276 1824
1824 1990
1990 3065
3065 8572
8572 4116
9278 6077
6077 4757
4757 4306
4306 5123
9279 6535
6535 6253
6253 3792
9280 1234
9282 7361
7361 4828
9283 9362
9284 1596
9285 2427
2427 6464
6464 4624
9286 2522
9287 9488
9288 6262
6262 938
938 561
561 6568
6568 8076
8076 2744
2744 7991
9289 3748
9290 751
751 8351
8351 1325
9291 9626
9293 3629
3629 3083
9295 7425
7425 4238
9297 5042
5042 537
537 5682
9298 4994
4994 5444
9299 1087
1087 7256
9300 5433
5433 8559
8559 3347
9301 7755
7755 7498
9302 2202
2202 4266
9303 9350
9304 1314
1314 8547
8547 3748
3748 6588
6588 17
17 1623
1623 5360
5360 5080
5080 2867
9305 4019
9306 5036
5036 7809
7809 837
9307 3668
3668 521
9308 5898
5898 1715
1715 3695
9309 483
483 3244
3244 9460
9310 7731
7731 2890
2890 3243
3243 475
475 4759
4759 7218
7218 6245
6245 8806
9312 4909
9313 5605
5605 8338
8338 5126
9314 5587
5587 8084
8084 5348
5348 1035
9315 32
9316 4697
4697 3639
3639 1324
1324 1943
1943 8663
8663 4610
4610 8065
9317 1369
1369 2665
2665 2156
2156 5022
9318 9092
9319 1349
9321 2007
2007 1547
9322 9974
9323 566
566 3367
9326 1557
1557 292
9331 2554
2554 8492
8492 7611
7611 210
210 764
764 8888
8888 2424
9333 6804
6804 861
9335 8075
9337 7974
7974 9928
9340 2225
9341 2092
2092 4073
9342 2008
9343 3470
3470 8911
8911 6858
6858 1632
9345 9457
9346 1918
9347 7482
9348 1735
9349 4800
4800 672
672 1765
1765 3653
3653 3781
3781 1421
1421 1311
9350 4905
4905 6100
6100 9704
9351 3850
3850 4048
9353 9523
9354 8462
9355 6471
9357 8504
9358 8014
8014 2027
2027 4273
4273 4447
4447 6676
6676 7091
9360 4303
4303 1443
9361 421
421 489
9363 8905
9365 4079
9367 6495
6495 277
277 1802
1802 2237
9368 2778
2778 9970
9369 5597
9372 4952
4952 253
9373 7490
7490 8248
8248 5797
5797 1517
9374 6085
6085 6490
6490 2743
2743 6303
6303 8640
8640 6666
6666 2994
2994 2497
9375 9087
9087 3130
9376 2019
2019 3080
3080 2297
2297 6198
6198 7331
7331 2006
2006 1223
1223 991
991 7575
9377 5919
9379 4037
4037 8999
8999 697
697 2666
9380 4882
4882 4084
4084 4569
4569 6832
6832 9424
9381 1250
9382 2227
2227 4046
4046 9277
9383 1350
1350 1393
9384 8876
9385 1647
1647 9083
9083 7149
9387 9665
9388 5202
9389 8870
8870 8581
8581 115
9391 2914
2914 946
9392 5561
5561 8828
9393 8005
8005 7669
7669 8475
8475 221
9394 3272
9395 9140
9396 5069
5069 7315
7315 1063
9397 8282
8282 7382
7382 4972
9398 2174
2174 943
9399 7729
7729 9802
9400 1567
9401 9666
9404 5399
9406 9292
9292 7015
7015 9651
9407 389
389 86
86 1306
9408 5075
5075 1784
1784 2093
2093 6559
6559 7510
9410 201
201 8477
9411 7588
7588 4682
4682 512
512 3984
9412 5496
5496 2758
2758 2175
9413 9787
9417 526
9418 8320
8320 6279
6279 5695
5695 3447
9419 5739
5739 6199
9420 8290
8290 3484
9421 1437
1437 1769
9422 8650
8650 3448
3448 4254
4254 5129
5129 5616
9424 2326
2326 6055
9426 4598
4598 2346
2346 6672
9427 1596
1596 5092
5092 6051
6051 2196
9428 6542
6542 4523
9429 7808
7808 1075
1075 9950
9430 8099
9431 4416
4416 4044
4044 1435
1435 2409
2409 8579
9432 8554
8554 1767
1767 6399
6399 7493
7493 4133
4133 6380
6380 2681
2681 1985
1985 4674
9433 1175
1175 4543
9434 4778
4778 9919
9435 4974
4974 5102
5102 6574
6574 9338
9338 3304
3304 1754
1754 5016
5016 9836
9437 4958
4958 3838
3838 90
90 5103
5103 4477
4477 367
367 8928
8928 4234
4234 2514
2514 5586
9438 6582
6582 8235
9440 7223
7223 5126
5126 9838
9441 2358
2358 1727
1727 6718
6718 97
97 8822
8822 6455
6455 9553
9442 5378
5378 8966
8966 2962
2962 8925
8925 8594
9443 8048
9444 7058
7058 723
723 9602
9447 1311
1311 4040
4040 2344
2344 8238
8238 7345
7345 6475
6475 1139
1139 844
9448 7086
7086 7078
7078 6844
6844 1060
1060 2855
2855 4665
9449 7797
7797 7390
7390 8093
8093 5217
9450 4963
4963 6471
6471 6990
6990 7549
7549 2114
2114 7400
9451 429
429 2167
2167 8075
8075 4828
4828 818
818 843
843 2265
9452 9336
9453 5937
9454 9378
9378 2579
2579 2229
2229 880
880 4431
4431 2189
2189 9196
9196 5730
5730 9722
9455 7136
7136 1278
1278 489
489 4293
9456 4662
9458 9751
9459 5303
9461 2569
2569 8819
8819 5691
5691 7444
9462 5300
5300 328
328 8038
8038 743
743 2471
2471 2864
2864 4030
4030 8477
8477 2401
2401 3218
3218 4204
4204 1124
9463 804
804 4636
4636 7129
7129 7697
7697 89
89 4119
4119 9077
9077 3901
3901 766
9464 9152
9152 7171
9466 2893
9468 3123
9469 2865
2865 5843
5843 7306
9470 3862
9471 6876
6876 7416
7416 1040
9472 9131
9131 6701
9473 5538
9474 9238
9476 6793
9477 6760
6760 5808
5808 7590
9478 8824
8824 7149
7149 8139
9479 4190
9480 727
727 9807
9483 6630
6630 663
663 7662
9484 8997
8997 746
746 7818
7818 6474
6474 2362
9485 3310
3310 8703
9486 8377
8377 4860
4860 6076
6076 884
9487 1275
1275 4315
4315 6451
6451 9750
9488 5812
9490 8489
8489 9370
9370 8932
8932 8921
8921 8382
8382 8979
9491 611
611 1536
1536 3121
3121 9328
9328 9644
9493 917
917 8711
8711 5495
5495 1566
1566 9674
9494 9107
9107 9070
9070 2173
9495 5799
5799 6856
6856 3501
3501 5001
9498 2954
2954 9544
9499 3537
3537 6183
9500 2820
2820 4172
9501 884
884 3570
3570 1458
9502 9587
9503 6307
6307 431
431 4121
4121 221
221 3478
3478 1318
9504 3197
3197 1934
9505 6561
6561 1460
1460 6661
6661 2512
2512 321
321 9807
9507 9016
9508 4710
4710 8549
8549 8337
8337 5782
5782 9220
9220 3125
9509 2449
2449 8863
8863 6974
6974 628
628 2373
2373 1797
1797 5404
5404 1063
9512 7600
9513 6986
6986 4309
4309 3546
3546 7529
7529 1250
1250 7224
7224 1671
1671 1666
9514 4076
9515 7657
7657 2141
2141 6235
9516 7896
7896 618
618 6256
6256 4809
4809 2121
2121 7787
7787 4592
4592 6595
6595 961
961 7113
7113 5187
5187 3719
3719 4343
9518 1591
1591 999
999 6781
6781 2378
9519 1618
1618 6545
9520 8198
8198 903
903 6139
6139 6980
6980 5338
9521 9140
9140 8250
8250 9710
9522 5232
5232 3036
3036 6073
6073 4698
9524 6799
9526 2885
2885 8645
8645 1716
9527 76
76 8659
8659 8440
9530 6930
6930 9362
9531 6618
6618 8336
8336 1415
1415 9786
9532 6286
9533 6848
6848 1425
1425 2776
2776 7370
7370 4059
4059 1347
1347 7906
7906 7942
7942 9845
9535 4561
4561 2359
9536 1053
9537 2861
2861 9362
9362 3162
3162 4244
4244 8534
8534 300
300 9102
9102 8533
8533 1468
9539 4731
9540 6878
9542 3130
3130 8419
9543 9624
9546 9965
9547 1126
9549 6579
9550 9545
9545 5312
9551 1853
9552 3442
3442 3717
3717 3272
9553 6453
6453 763
9555 2284
2284 6332
6332 9612
9556 5897
5897 3526
3526 6579
6579 6017
9557 4007
9559 2040
9560 1920
1920 4632
4632 6240
9562 1548
1548 3614
3614 959
9563 3115
9564 1322
1322 8809
8809 9176
9176 5693
5693 547
9565 7451
7451 8127
9566 5979
5979 1464
9567 928
928 5671
5671 2324
9571 9823
9572 9436
9436 1455
1455 414
414 3402
3402 7514
7514 8247
8247 8511
9573 7568
7568 292
9577 1540
1540 1088
1088 1660
1660 8307
8307 5796
5796 3660
3660 6609
6609 4584
4584 7569
7569 6687
9578 308
308 8798
8798 5217
5217 8631
8631 1305
1305 9080
9080 1325
1325 2475
2475 6611
9579 8692
8692 7540
7540 2149
2149 3220
3220 6799
6799 4637
4637 742
742 4190
9580 7510
7510 5596
5596 506
506 6120
9581 3417
3417 733
733 2008
2008 9674
9584 2517
9586 7060
7060 4815
4815 1962
1962 9180
9180 2497
9587 4669
4669 4210
4210 7680
9588 8116
8116 4624
9589 249
9590 8876
8876 4965
4965 6613
9591 9277
9592 1601
1601 2299
2299 5906
9593 6717
6717 3214
3214 2731
2731 1735
1735 420
420 947
947 4218
4218 3177
3177 5753
5753 7207
9595 3942
3942 5974
5974 7498
9596 959
959 7977
7977 2468
2468 1465
1465 6229
9597 9746
9598 7075
7075 6993
6993 5246
5246 4889
9600 362
362 5542
5542 8622
9602 7303
7303 6405
6405 539
539 6090
6090 2748
2748 3341
9603 5525
5525 2728
9605 5759
9606 6361
9607 8056
8056 7931
7931 2218
2218 9700
9609 9554
9554 9118
9610 338
338 4411
4411 6611
6611 7744
7744 4021
4021 3633
3633 5416
9612 2224
2224 7561
7561 7747
7747 2219
2219 405
405 2605
2605 2606
2606 1052
1052 5560
5560 8801
8801 6545
6545 5420
9613 6244
6244 5985
5985 9810
9616 3697
3697 8544
8544 1504
1504 945
945 7962
7962 5609
9618 4248
4248 8067
8067 3136
3136 7379
7379 4034
4034 6194
6194 8552
8552 5566
9620 5938
5938 6814
9621 2305
2305 8681
8681 5488
5488 8595
8595 4717
4717 607
9622 2732
2732 8785
9623 9907
9624 3775
3775 2581
2581 4377
9625 2308
2308 9776
9627 477
9628 8206
8206 3493
3493 7496
7496 3230
3230 4212
9629 7485
7485 3433
3433 6749
6749 4797
4797 1349
1349 276
9630 9837
9631 8987
9632 8383
8383 8209
8209 6544
6544 3228
3228 9696
9634 2720
2720 3485
3485 4593
9635 3000
3000 1036
9636 3061
3061 8190
8190 5480
5480 1666
9638 817
9639 3950
3950 9008
9008 2971
2971 5545
5545 7492
7492 6598
9641 98
98 3488
3488 8033
8033 9330
9330 6637
9642 3327
3327 9207
9207 8979
8979 448
448 2021
2021 9523
9523 8861
8861 8504
8504 898
898 1018
1018 3547
9643 1393
1393 8488
9644 9733
9646 546
546 1932
1932 8810
8810 7240
9647 2780
2780 8389
8389 9818
9648 3926
3926 1076
1076 7586
7586 7543
9649 3458
9650 4224
4224 7235
9653 7558
7558 3540
3540 4685
9654 8660
8660 9199
9199 413
9655 2195
2195 4468
4468 144
144 1510
1510 7042
7042 5586
5586 4660
4660 2749
9656 6598
6598 1041
1041 7392
7392 9016
9016 8428
8428 8703
8703 9575
9575 583
583 5923
5923 7201
7201 4307
4307 6422
9657 4396
4396 7298
7298 5155
5155 8331
9658 3075
3075 2282
2282 9294
9659 2931
9661 9851
9662 2792
2792 3394
3394 4437
4437 7552
9664 9467
9467 1708
9668 4212
4212 1126
1126 9611
9611 5795
5795 683
683 1312
1312 3384
3384 6927
6927 4987
9669 6005
6005 995
995 9425
9425 283
9670 7235
7235 3857
3857 7572
7572 1941
9671 6905
6905 7926
7926 9122
9122 119
119 253
253 2812
2812 4082
4082 3357
9673 4835
9674 1057
1057 8165
8165 8671
8671 32
32 8394
9675 7604
9677 3249
3249 110
110 3630
3630 7290
9678 5312
5312 276
276 881
881 416
416 2144
2144 2184
9680 4283
4283 2923
9681 1823
1823 9147
9147 3885
3885 5527
9682 6305
9683 2443
2443 7993
7993 5624
5624 7788
7788 1172
1172 3544
3544 7976
7976 6934
6934 3682
9684 4280
4280 418
418 5564
9685 1584
1584 5215
5215 7171
7171 7422
7422 496
496 351
351 7459
7459 2636
2636 471
471 1568
1568 3182
3182 3805
3805 6868
6868 2160
2160 2422
2422 6011
6011 6629
6629 8766
9686 4672
9687 1514
1514 7242
7242 3358
9688 6297
6297 23
23 667
667 8688
8688 2293
2293 7717
9689 2173
2173 9836
9690 1610
1610 8893
8893 4032
9691 8865
9692 8150
8150 2894
2894 4500
4500 5607
5607 8930
8930 8455
9693 1346
1346 8200
8200 2526
2526 1949
1949 7887
7887 3881
9694 1564
1564 5
9695 5718
9696 5729
5729 4986
9697 6791
6791 6963
6963 1215
1215 9252
9252 1443
1443 3347
9698 5837
5837 4391
4391 5333
5333 4848
4848 878
878 9585
9585 5644
5644 8918
8918 2728
2728 1999
1999 9791
9699 3486
3486 1898
1898 7709
7709 7177
7177 3114
3114 1974
1974 4109
4109 5682
5682 94
94 5894
5894 7775
7775 2703
2703 4856
4856 8427
8427 2289
2289 7840
7840 3517
9700 4698
4698 7441
7441 4562
4562 4015
9702 2558
9703 7584
7584 4983
4983 852
852 6636
6636 1169
1169 9093
9704 1734
9705 8586
9707 3550
9709 8085
8085 861
861 1221
1221 1191
1191 9465
9465 1503
1503 3892
3892 5608
5608 4650
4650 8272
8272 4374
9710 9172
9711 3693
9712 7688
7688 2479
2479 986
986 8006
9713 7644
9714 507
9715 4132
4132 7435
7435 6776
6776 4825
4825 4933
4933 2247
2247 8878
8878 2839
2839 614
9716 3550
3550 3020
9717 3123
3123 4902
4902 3289
3289 2370
2370 741
741 307
9718 6617
6617 8594
8594 6063
6063 8015
8015 9001
9001 2771
2771 8865
8865 724
724 6181
9719 8750
9720 2364
2364 6870
6870 1224
1224 2123
2123 4290
4290 4010
4010 3411
9722 9103
9103 5444
9723 3682
3682 5528
5528 4787
4787 7006
9725 7644
7644 2600
9726 4938
4938 1397
9727 9352
9729 2196
9730 3
3 6531
6531 1565
1565 2617
2617 1737
1737 3616
3616 194
194 1025
1025 9708
9731 8958
8958 9294
9294 2595
2595 8300
8300 6687
6687 4108
4108 8745
8745 5318
5318 7656
9732 536
536 3185
3185 8086
8086 1466
1466 3175
3175 614
614 7261
7261 5213
9733 1124
1124 5779
5779 3925
3925 3835
3835 4075
4075 5717
5717 955
955 2179
9734 9913
9735 7486
9736 6607
6607 3352
3352 3418
3418 3367
9737 9574
9574 7678
7678 3741
3741 6305
6305 8106
9738 3124
9739 4723
4723 601
9740 778
778 2871
2871 1743
1743 7126
7126 3458
3458 3787
9742 2907
2907 4553
4553 4745
9744 3363
3363 8082
8082 601
601 2749
2749 9334
9334 3440
3440 190
190 2814
2814 4531
9746 9150
9150 7830
7830 6888
6888 2725
9749 9402
9402 3072
3072 9558
9750 1197
9751 5625
5625 4073
9752 1944
1944 8874
8874 1043
1043 9179
9179 5816
5816 8800
8800 8251
8251 3904
3904 4333
4333 8331
8331 3527
3527 6478
6478 7910
7910 507
507 3097
9753 3559
3559 2269
2269 3800
3800 4058
4058 5588
5588 2018
2018 6783
6783 8062
8062 4275
4275 5435
9754 3173
9755 8744
8744 8316
8316 931
931 179
179 1701
1701 2891
2891 1464
1464 7289
7289 6017
9756 111
111 1035
1035 1423
9757 5679
5679 9872
9758 791
791 613
613 3307
3307 9741
9741 9701
9701 5290
5290 8596
8596 9905
9759 4748
4748 4625
9760 9604
9604 2232
2232 5432
5432 7908
7908 5720
9761 728
9762 1227
9763 3798
3798 4471
9764 9665
9665 4320
4320 6547
6547 357
357 610
610 9332
9765 5208
5208 7406
7406 7415
7415 4152
9766 4863
4863 6300
9769 1781
1781 6477
6477 7256
7256 6033
6033 4498
4498 5858
5858 9672
9672 1238
1238 1423
1423 9155
9155 2240
2240 713
713 7420
7420 6053
6053 3362
3362 9614
9614 4015
4015 1553
9770 3268
3268 7575
7575 8883
8883 4493
9771 6689
9772 797
797 847
847 7623
7623 5613
5613 1182
1182 5240
9773 5718
5718 5047
5047 6789
6789 2624
2624 6278
9774 5902
5902 6925
6925 5001
5001 5363
5363 3332
3332 4731
4731 4266
4266 7650
7650 3965
3965 5096
5096 2087
2087 9510
9510 5183
5183 4624
9775 6571
6571 5024
5024 4463
4463 6852
6852 4903
4903 4219
9776 7662
7662 8774
8774 9079
9079 4152
4152 394
394 2388
2388 240
9777 5915
5915 4374
4374 9127
9127 8545
8545 1799
1799 508
508 4943
4943 5338
5338 3460
3460 1496
1496 1866
1866 4424
9778 9534
9534 3364
9781 3115
9782 8215
8215 1046
9783 8656
9784 2982
2982 4831
4831 8273
8273 9118
9118 6507
6507 8895
8895 2155
2155 3505
9785 1585
1585 5424
5424 7396
7396 1310
1310 8231
8231 7076
7076 7157
7157 8139
8139 307
307 6604
6604 8622
8622 2035
9786 7207
7207 8957
9787 726
726 6393
6393 3772
3772 3812
3812 6956
6956 4909
4909 1128
1128 30
30 5308
5308 7460
7460 9525
9525 3406
3406 7900
7900 3272
3272 428
428 3701
3701 6704
6704 9439
9439 7159
7159 4274
4274 7301
7301 4272
4272 7107
7107 5120
5120 8892
8892 7604
7604 7232
7232 2234
2234 3231
3231 5801
5801 1079
1079 4557
4557 8639
8639 4446
9790 4193
9791 2371
2371 9445
9445 1036
1036 4837
4837 6328
9792 8023
8023 714
714 9371
9794 8186
8186 5968
5968 1880
1880 2424
2424 7740
7740 7794
9795 4793
4793 6382
9796 7995
7995 4866
4866 7233
9797 4217
4217 9850
9798 6074
6074 3190
3190 8041
8041 2179
2179 3881
3881 9190
9190 9320
9799 643
643 1622
1622 209
209 5870
5870 4102
4102 5551
5551 7524
7524 3431
9800 53
53 7892
7892 6140
6140 6698
6698 6530
6530 1941
1941 5088
5088 521
521 1231
1231 7003
7003 1502
1502 340
340 4513
4513 9788
9788 7945
7945 5339
5339 8527
9801 138
138 5815
5815 8345
8345 6502
6502 4735
4735 5482
9804 7776
7776 915
9805 5931
5931 314
314 2126
2126 7698
7698 375
375 2455
9806 5327
5327 1201
1201 787
787 7206
9807 6252
9808 385
385 6497
6497 1080
1080 4526
4526 143
143 5046
5046 4937
4937 93
93 9517
9517 9054
9809 2652
9810 6233
6233 4237
4237 2587
2587 443
443 8840
8840 7826
9811 5
5 840
840 4640
4640 9835
9812 1509
1509 5874
5874 9489
9813 3642
3642 9599
9599 3594
3594 8430
8430 4756
4756 6320
6320 1483
9814 1397
9815 9414
9414 3945
3945 9615
9615 1640
1640 5566
5566 6131
9816 5202
9817 2932
2932 2099
2099 3768
3768 6351
9818 3952
3952 1046
1046 4048
4048 7386
7386 6183
6183 3506
3506 5136
9819 4323
4323 5906
5906 4457
4457 7150
7150 4181
4181 7825
7825 4695
4695 2286
2286 4089
4089 1955
1955 1138
9820 9364
9364 6498
6498 4655
4655 9666
9821 3122
9823 6672
6672 6701
6701 9873
9824 3903
3903 5485
5485 1843
1843 1409
9825 1498
1498 3518
3518 6640
6640 8099
8099 4662
4662 5449
5449 6362
6362 8419
8419 8909
8909 3265
3265 7271
7271 7753
7753 6007
6007 6943
9826 2387
2387 9405
9827 3091
3091 4685
4685 7102
7102 262
262 5543
5543 8665
8665 7210
7210 9145
9145 9914
9828 7989
7989 1690
1690 5891
5891 7038
7038 5675
5675 6229
9829 609
609 275
9830 7122
7122 4310
9831 9626
9626 2600
2600 8295
8295 2793
2793 6878
6878 2558
2558 1190
9832 1652
1652 2217
9833 1200
1200 3403
3403 6513
6513 1698
1698 7567
9835 35
35 9482
9482 145
145 5507
5507 7681
7681 3585
3585 534
534 322
322 890
890 1517
1517 5723
5723 5482
5482 7163
7163 979
979 4388
4388 5740
5740 2432
2432 5174
5174 4773
4773 2457
2457 480
480 9115
9115 4960
4960 5971
9837 4372
9838 2662
2662 6050
6050 9172
9172 8133
8133 4000
4000 2658
2658 4002
4002 946
946 1906
1906 2967
2967 8641
8641 6379
6379 3360
3360 9219
9219 6427
9839 5819
5819 7296
7296 2246
2246 5760
5760 5381
9840 1031
1031 5173
5173 3984
3984 6656
6656 3522
3522 3044
3044 635
635 9017
9017 4159
4159 7436
7436 3588
3588 925
925 4238
4238 5202
5202 1463
9841 6909
6909 1579
9844 6097
6097 9356
9356 9012
9012 8784
8784 8612
9845 2645
2645 8926
8926 7964
7964 2339
2339 4452
4452 8536
9847 9267
9267 1572
1572 5648
9848 5499
5499 2084
2084 2152
2152 1807
1807 6025
6025 9652
9652 2990
2990 2040
2040 4087
4087 6943
6943 662
662 3128
9850 8511
8511 1029
1029 4032
4032 4083
9851 259
259 5151
5151 7634
7634 2348
2348 8763
9852 7153
7153 1795
1795 6118
6118 1630
1630 2622
2622 8392
8392 1477
9854 42
42 3370
3370 2217
9855 5083
5083 8561
8561 8776
8776 8456
8456 2522
2522 249
249 5379
5379 40
40 1063
1063 1073
1073 8136
8136 6938
6938 9324
9324 2562
2562 7057
7057 1716
1716 387
387 5540
5540 3447
3447 3643
3643 9663
9663 3482
3482 8566
8566 1782
9857 1375
1375 3124
3124 9092
9092 3387
3387 9121
9121 7850
7850 5664
5664 748
748 8288
8288 2146
2146 2332
2332 1444
1444 837
837 3492
3492 4101
4101 3347
3347 2647
9859 542
542 7543
9860 4359
4359 763
763 6644
6644 4079
9862 488
488 6665
9863 5928
5928 6564
6564 7031
7031 386
9864 5004
5004 1923
1923 3644
3644 9024
9024 8344
8344 7633
7633 9268
9268 6864
6864 9481
9481 9019
9019 2948
2948 8414
8414 282
282 8315
8315 6854
6854 8613
8613 8263
9865 2009
2009 4972
4972 4571
4571 9901
9867 3316
3316 6026
6026 9858
9858 9457
9457 9390
9390 1782
1782 2279
9868 1878
1878 7971
7971 989
989 4043
9869 6891
6891 3398
3398 6295
9871 7984
7984 6351
6351 1150
1150 2535
9874 9332
9332 8299
8299 1479
1479 9104
9104 5162
5162 7143
7143 1996
1996 3222
3222 62
62 7479
7479 3410
3410 8220
8220 4816
4816 2135
2135 5688
5688 2089
2089 2359
9875 2138
9876 4076
4076 7762
7762 5306
5306 6898
6898 80
80 2791
2791 8512
8512 9977
9877 2751
9878 6174
9879 2651
2651 4291
4291 7531
9880 4193
4193 164
164 6104
6104 7955
9882 1279
1279 4063
4063 6472
6472 5265
5265 4293
4293 3988
3988 2934
2934 8750
8750 6534
6534 432
432 632
632 9003
9003 8858
8858 4124
4124 4332
4332 3710
3710 6437
6437 1137
1137 5435
9883 2272
2272 4393
4393 803
9884 4693
4693 8766
8766 2157
2157 701
9886 4311
4311 6696
6696 1336
1336 2110
2110 376
376 4813
9887 3202
3202 6457
6457 4984
4984 5937
5937 5827
5827 8440
8440 1458
1458 603
603 1918
1918 5883
5883 7160
7160 625
625 7399
7399 5609
5609 8532
8532 5936
5936 3098
9888 202
202 6817
6817 3676
9889 8536
9890 462
462 9999
9891 5952
5952 637
9892 7849
7849 1370
1370 7772
7772 909
909 1954
1954 6657
6657 2652
9894 1763
1763 3411
9895 4630
4630 4007
4007 7851
9897 3125
3125 8144
8144 5852
5852 9872
9898 1599
1599 7991
7991 814
814 637
637 2923
2923 1363
1363 1468
9900 3376
3376 5502
5502 7112
7112 4784
4784 992
992 3756
3756 500
500 5410
5410 2225
2225 288
288 6999
6999 3946
3946 3566
3566 5864
5864 5524
5524 4993
4993 2125
2125 4146
4146 9896
9896 3505
3505 3792
3792 2327
2327 5841
5841 4433
4433 8442
8442 6304
6304 5194
5194 5237
5237 7372
7372 1605
1605 2816
2816 390
390 8693
8693 7856
9901 6893
9902 8877
8877 2356
9903 8462
8462 6146
9905 725
9906 7454
9907 4897
4897 8364
8364 5749
5749 231
231 6099
6099 4941
4941 5394
5394 7535
7535 4188
9908 9336
9336 4074
4074 1663
1663 7354
7354 8372
8372 9320
9909 2516
2516 467
9910 9296
9296 5320
5320 7233
7233 2530
2530 7239
7239 2886
2886 3553
3553 6214
6214 7440
7440 7139
7139 5325
5325 8224
8224 2455
2455 477
477 936
936 9803
9803 6603
6603 8598
9911 2684
2684 5420
5420 9561
9561 9446
9446 7749
7749 3357
3357 2543
2543 2602
2602 2316
2316 9064
9064 3431
3431 9748
9748 4593
4593 8691
8691 8500
8500 2672
2672 5839
5839 3623
3623 7543
7543 8833
8833 9583
9912 2542
2542 9548
9913 2523
2523 6893
6893 3020
3020 8795
8795 3814
3814 8623
8623 2678
9914 7168
7168 3716
3716 6258
6258 6383
6383 5052
5052 8656
8656 7264
7264 8371
8371 8742
8742 7306
7306 6616
6616 3247
3247 8915
8915 4869
4869 169
169 2397
2397 3483
3483 9403
9403 6539
6539 933
933 9496
9496 6637
6637 7486
7486 7367
9915 9708
9708 5435
5435 8308
9916 3300
3300 7530
7530 2951
2951 359
359 7236
7236 5326
5326 8806
8806 6613
6613 7831
7831 9311
9311 4987
9917 9093
9093 9277
9277 6773
6773 1820
1820 9327
9327 1524
1524 8770
8770 2231
9918 3368
3368 3167
3167 715
715 4178
4178 9856
9856 8575
8575 57
57 1709
1709 9619
9619 8077
9919 6449
6449 5971
9920 3057
3057 2810
2810 9594
9594 2090
2090 5350
9921 4543
4543 6219
6219 9492
9492 612
612 1550
1550 8678
8678 2931
2931 943
943 3487
3487 5581
5581 3032
3032 5008
5008 8239
8239 7388
7388 1420
1420 6872
9922 3813
3813 3883
3883 3604
3604 6509
6509 6797
6797 6240
6240 5574
5574 6959
6959 1203
9923 1392
1392 6525
6525 7119
7119 3297
3297 8141
8141 2296
2296 9834
9834 3862
3862 6596
6596 6872
6872 8455
8455 4385
4385 366
366 5236
5236 9230
9230 9981
9924 9250
9250 7750
7750 4205
4205 8957
8957 1720
1720 2221
2221 386
386 8164
8164 4446
4446 9352
9352 6295
6295 5537
5537 1468
1468 9721
9721 323
323 7184
7184 8686
8686 6407
6407 8713
8713 7329
7329 7848
7848 7495
7495 9339
9339 2186
9925 9548
9548 7967
7967 7174
7174 5970
5970 2029
2029 79
79 5764
5764 165
165 7240
7240 5966
5966 6229
6229 3171
3171 4737
4737 188
188 9779
9779 7362
7362 3355
3355 8003
8003 1072
1072 1190
1190 6555
6555 9138
9138 1106
1106 1394
1394 6427
9926 6625
6625 942
942 2902
9927 2279
2279 7444
7444 3364
9928 3462
9929 3070
3070 4835
4835 6314
6314 222
222 2178
2178 2563
2563 7454
7454 8679
8679 72
72 3669
3669 2034
2034 2175
2175 1549
1549 906
906 1686
1686 4345
4345 177
177 5640
5640 1675
9930 7400
7400 6386
6386 6982
6982 7532
7532 4620
4620 2265
2265 7394
7394 5468
5468 2261
2261 3515
3515 8785
9931 2165
2165 5445
5445 8614
8614 5055
5055 3627
9933 9842
9934 8978
9935 1055
1055 3189
3189 9881
9881 5456
5456 2237
2237 2357
2357 3646
3646 7007
7007 8341
8341 6764
6764 8080
8080 9221
9221 7635
7635 7290
7290 915
915 3014
3014 1935
1935 6042
6042 4428
4428 8987
8987 3022
3022 6648
6648 8718
8718 9415
9415 2529
2529 821
821 3769
3769 406
406 9984
9936 7285
7285 3751
3751 29
29 5863
5863 8600
8600 403
403 2324
2324 1416
1416 7968
7968 240
240 9767
9767 5399
5399 7183
7183 3709
3709 8536
8536 3441
3441 6382
6382 2867
2867 6156
9937 2104
2104 4414
4414 5337
5337 7826
7826 1452
1452 988
988 1998
1998 8478
8478 7375
7375 1574
1574 5319
5319 8633
8633 8447
9938 6886
6886 2063
2063 2767
2767 5532
5532 6605
6605 4624
4624 8583
9939 9651
9651 4672
9940 4361
4361 6322
6322 597
597 4643
4643 4493
4493 3453
3453 8088
8088 1730
1730 7431
7431 4510
4510 9666
9666 6300
6300 6608
6608 9025
9025 114
114 5526
5526 3083
3083 5973
5973 4057
4057 7935
7935 9538
9538 2319
2319 9159
9159 2231
2231 5452
5452 8065
9941 7137
7137 2570
2570 4088
4088 7721
7721 6801
6801 5407
5407 7965
7965 5240
5240 9037
9037 3759
9942 9325
9325 4026
9943 6353
6353 5118
5118 8866
8866 2217
2217 962
962 1289
1289 9946
9944 7373
7373 7066
7066 789
9945 8629
8629 4934
4934 3586
3586 1965
1965 6083
6083 7203
7203 2335
2335 5303
5303 823
823 7816
7816 9405
9405 6428
6428 4116
9946 8743
8743 9119
9119 627
627 1539
1539 5919
5919 6958
9947 1967
1967 6779
6779 2678
2678 5123
5123 9238
9238 6356
6356 4754
4754 3931
3931 1361
1361 8204
8204 4327
4327 792
792 7730
7730 7494
7494 1044
1044 2429
2429 4471
4471 2649
2649 4612
4612 6313
6313 8435
8435 2725
2725 803
803 4622
4622 949
949 7050
7050 9608
9608 6706
6706 544
544 607
607 3916
3916 4060
4060 8885
8885 3843
3843 7541
7541 4992
4992 8065
8065 1206
1206 6278
6278 7856
7856 5212
5212 9054
9054 985
985 5038
5038 7972
7972 7951
7951 9168
9168 8529
8529 8699
8699 1306
1306 2113
2113 7717
7717 7851
7851 4241
4241 3855
3855 7915
7915 5504
5504 2565
2565 2652
2652 7783
7783 9030
9030 3262
3262 1171
1171 436
436 8208
8208 3547
3547 9366
9366 3358
3358 5511
5511 6272
6272 185
185 6257
6257 8563
8563 2919
2919 5213
5213 9582
9948 120
120 3096
9949 2469
2469 241
241 8625
8625 2517
2517 7793
7793 9248
9248 2042
2042 5873
5873 7928
7928 5735
5735 7251
7251 1185
1185 8785
8785 7457
7457 3757
3757 270
270 2757
2757 2737
2737 2378
2378 1166
1166 5935
5935 4750
4750 897
897 467
467 1424
1424 5656
5656 2958
2958 6293
6293 3423
3423 6355
6355 2619
2619 6979
6979 1280
1280 181
181 5554
5554 1283
9951 1463
1463 9846
9846 2169
2169 3538
3538 2693
2693 3031
3031 4324
4324 8447
8447 9849
9849 275
275 9802
9802 115
115 10
10 9899
9899 4219
4219 7566
7566 6689
9952 4618
9953 1628
1628 1396
1396 1655
1655 1914
1914 1761
1761 2312
2312 2075
2075 4043
4043 6235
6235 9475
9475 8332
8332 9570
9570 6689
6689 7600
7600 4896
4896 2849
2849 9601
9601 1360
1360 7656
9954 8978
8978 8972
8972 8048
8048 9836
9836 304
304 3517
9955 4544
4544 6210
6210 1790
1790 5720
5720 1987
1987 3839
3839 9633
9957 1104
9958 5715
5715 8050
8050 18
18 6306
6306 7156
7156 46
46 5434
5434 7652
7652 1318
1318 2902
2902 2418
2418 4770
4770 8115
8115 1040
1040 6610
6610 1553
1553 197
197 9932
9932 6903
6903 22
9959 811
811 458
458 987
987 7498
7498 5113
5113 921
921 6692
6692 7948
7948 6793
9960 5377
5377 9956
9956 3621
3621 7049
7049 8598
8598 7130
7130 3085
3085 3675
3675 6103
6103 6810
6810 6500
6500 9114
9114 4595
4595 7245
7245 1992
1992 4515
4515 5721
5721 5530
5530 728
728 5309
9961 5975
5975 8989
8989 2690
2690 8328
9962 465
465 3693
3693 8950
8950 2711
2711 3138
3138 6181
6181 9170
9170 9344
9344 1980
1980 2984
2984 5862
5862 9061
9061 4214
4214 3634
3634 3364
3364 8574
8574 1020
9963 2428
2428 7397
7397 5444
9964 5430
5430 6772
6772 6422
6422 4803
4803 785
785 1104
1104 701
701 2183
2183 3122
9965 9125
9125 2846
2846 9229
9229 7748
7748 3338
3338 9645
9645 6814
6814 1993
1993 1454
1454 9822
9822 6679
6679 4889
4889 827
827 379
379 596
596 7939
7939 5192
5192 9568
9568 2035
2035 34
34 8106
9966 2804
2804 3517
3517 124
124 4201
9967 3654
3654 1632
1632 9371
9371 3053
3053 3928
3928 2531
2531 541
541 6054
6054 256
256 1301
1301 6514
6514 9724
9724 9101
9101 690
9968 3005
3005 1621
1621 8202
8202 5117
9969 4665
4665 6199
6199 1534
1534 6649
6649 1050
9970 7501
7501 6750
6750 7806
7806 4017
4017 4813
4813 1674
1674 3806
3806 5324
5324 1659
1659 2338
2338 8988
9971 3758
3758 2235
2235 7419
7419 5214
5214 1594
1594 6828
6828 4862
9972 2360
2360 9242
9242 2356
9973 4019
4019 7784
7784 6665
6665 8453
8453 1853
1853 7018
7018 2723
2723 7442
7442 3055
3055 6919
6919 9582
9582 2176
2176 9281
9974 4781
4781 2572
2572 6408
6408 996
996 3058
3058 6659
6659 5639
5639 9873
9873 5800
5800 6793
6793 7656
7656 6252
6252 8636
9975 8257
8257 8445
9976 3921
3921 5775
5775 99
99 6538
9977 8363
8363 5309
5309 7295
7295 7166
7166 3484
3484 4466
4466 4252
4252 4097
4097 7367
7367 9244
9244 6115
6115 446
446 8738
8738 5646
5646 4033
4033 3329
3329 9094
9094 3353
3353 4301
4301 6746
6746 5620
5620 7483
7483 4876
4876 923
923 8006
8006 1708
1708 8106
8106 2359
2359 9904
9904 6204
6204 1897
1897 4172
4172 8946
8946 4377
4377 1862
1862 6926
6926 9541
9541 7845
7845 2897
2897 1397
1397 9789
9789 552
552 4618
4618 2383
2383 3173
3173 4004
4004 5653
5653 4418
4418 292
292 8862
8862 5967
5967 4242
4242 2287
2287 7507
9978 4372
4372 8843
8843 5515
5515 9027
9027 4924
4924 3367
3367 8619
8619 6842
6842 7651
7651 8724
8724 4136
4136 1523
1523 4360
4360 8469
8469 2961
2961 9706
9706 779
9980 5469
5469 413
413 2647
9981 3426
3426 4449
4449 1358
1358 8828
8828 1436
1436 526
526 6096
6096 6522
6522 2436
9982 6448
6448 5262
5262 2106
2106 1234
1234 8753
8753 78
78 8488
8488 9161
9161 3592
3592 1668
1668 2843
2843 4011
4011 7794
7794 7411
7411 6174
6174 9861
9861 2033
2033 344
9983 1975
1975 8889
8889 6614
6614 5805
5805 2499
2499 7482
9984 9997
9985 9129
9129 8851
8851 4519
4519 244
244 5611
5611 3627
3627 5352
5352 4201
4201 1477
1477 6029
6029 5406
5406 344
344 7733
7733 9409
9409 8758
8758 5128
5128 4394
4394 1053
1053 6310
6310 6752
9986 8235
8235 6992
6992 8813
8813 6166
6166 3471
3471 5022
5022 6954
6954 2440
2440 6719
6719 2095
2095 3424
3424 4817
4817 8476
8476 8384
8384 9511
9511 9460
9460 2143
2143 4403
4403 4772
4772 5885
5885 5431
9988 6775
6775 2340
2340 789
789 7456
7456 4981
4981 2196
2196 9105
9105 1736
1736 1734
1734 6409
6409 1233
1233 981
981 3915
3915 9583
9583 6916
6916 6662
6662 1197
1197 3096
3096 230
230 2142
2142 8124
8124 547
547 6958
6958 7351
7351 6565
6565 12
12 1476
1476 6017
6017 4137
4137 5912
5912 7036
7036 6670
6670 4531
4531 4453
4453 725
725 5431
5431 4987
4987 8445
8445 913
913 1114
1114 817
817 2888
2888 1300
1300 9885
9885 3462
3462 2966
2966 7035
7035 6720
6720 9489
9489 4862
4862 8508
8508 5073
5073 675
675 9667
9667 545
545 1222
1222 1480
1480 1675
1675 5086
5086 5054
5054 318
318 6049
6049 2436
2436 6518
6518 1661
1661 4725
4725 7344
7344 5565
5565 8308
8308 2859
2859 4260
4260 9386
9386 8519
8519 1567
1567 2809
2809 8904
8904 1121
1121 3695
3695 3271
3271 251
251 8610
8610 631
9989 7405
7405 9893
9893 3749
3749 9237
9237 1666
1666 1483
9990 5856
5856 455
455 2184
2184 1016
1016 1177
1177 6188
6188 608
608 2243
2243 1725
1725 5144
5144 330
330 8583
9991 6907
6907 9329
9329 4689
4689 1334
1334 3071
3071 1266
1266 9745
9745 3054
3054 5117
5117 5147
5147 8670
8670 8531
8531 7238
7238 6751
6751 6538
6538 6146
6146 4190
4190 9866
9866 7680
7680 3841
3841 7690
7690 9544
9544 6323
6323 9576
9576 4961
4961 7020
7020 1138
1138 3671
3671 8394
8394 4597
4597 1116
1116 9039
9039 1328
1328 2368
2368 5143
5143 3846
9992 9660
9660 1794
1794 3341
3341 6600
6600 3383
3383 5328
5328 4073
4073 8077
8077 5124
5124 6009
6009 8982
8982 3934
3934 6851
9993 3291
3291 6403
6403 1951
1951 1461
1461 5597
5597 3154
3154 5538
5538 7567
7567 8901
8901 4424
4424 9872
9872 3619
3619 8690
8690 9987
9987 4343
4343 7873
7873 6250
6250 2385
2385 166
166 575
575 7206
7206 3689
3689 5787
5787 6450
6450 7523
7523 9870
9870 6436
6436 5971
5971 3095
3095 4985
4985 3379
3379 7741
7741 7594
7594 7068
7068 5940
9994 2497
2497 7654
7654 2473
2473 9793
9793 7627
7627 4284
4284 1833
1833 3759
3759 6114
6114 22
22 5350
9995 4724
4724 9728
9728 6955
9996 3968
3968 4407
4407 3467
3467 1547
9997 2133
2133 2637
2637 3891
3891 4122
4122 8127
8127 4141
4141 67
67 8759
8759 7720
7720 4576
4576 1483
1483 7437
7437 6263
6263 2535
2535 7270
7270 2356
2356 1934
1934 9747
9747 830
830 8763
8763 1547
1547 7975
7975 9768
9768 2701
2701 3283
3283 1010
1010 6120
6120 9637
9637 1045
1045 4523
4523 4079
4079 4487
4487 1122
1122 690
690 4836
4836 6335
6335 4986
4986 9423
9423 1081
1081 3893
3893 9139
9139 3051
3051 7564
7564 8137
8137 8527
8527 1620
1620 2821
2821 5527
5527 8636
8636 243
243 6796
6796 5655
5655 9998
9998 8386
8386 7531
7531 9281
9281 2186
2186 3900
3900 864
864 8112
8112 559
559 7996
7996 1579
1579 8181
8181 8890
8890 8907
8907 1800
1800 2071
2071 5374
5374 5564
5564 9529
9529 5389
5389 8632
8632 5003
5003 381
381 7502
7502 7955
9999 1963
1963 7482
7482 7445
7445 9569
9569 9195
9195 3694
3694 2069
2069 5049
5049 4142
4142 1019
1019 1203
1203 766
766 5569
5569 5239
5239 5818
5818 5759
5759 4096
4096 4871
4871 5444
5444 656
656 7237
7237 9049
9049 4690
4690 2751
2751 2671
2671 8057
8057 5670
5670 1679
1679 3411
3411 3788
3788 7820
7820 6091
6091 7254
7254 5332
5332 5381
5381 5428
5428 9950
9950 700
700 5416
5416 283
283 7481
7481 7507
7507 6827
6827 6286
6286 6180
6180 631
631 5350
5350 1499
1499 5411
5411 6095
6095 7127
7127 8526
8526 1115
1115 2005
2005 7955
7955 6445
6445 1050
1050 440
440 6361
6361 2362
2362 1559
1559 8579
8579 1167
1167 4116
4116 1038
1038 5398
5398 4083
4083 7590
7590 6265
6265 3676
3676 9239
9239 9497
9497 92
92 1769
1769 7228
7228 8612
8612 6851
6851 6328
6328 2887
2887 2166
2166 9676
9676 6348
6348 2607
2607 3846
3846 9506
9506 3762
3762 9173
9173 844
844 1366
1366 8368
8368 639
639 271
271 3829
3829 769
769 3554
3554 96
96 5273
5273 8905
8905 6412
6412 5884
5884 6786
6786 7085
7085 2283
2283 8528
8528 747
747 5616
5616 9320
9320 109
109 2138
2138 1438
1438 9416
9416 4344
4344 4026
4026 3128
3128 4672
4672 4310
4310 3700
3700 6369
6369 819
819 5713
5713 6131
6131 6168
6168 3097
3097 8402
8402 8404
8404 9528
9528 4029
4029 779
779 7300
7300 8029
8029 1283
1283 8586
8586 1635
1635 3691
3691 4070
4070 4564
4564 4012
4012 4353
4353 7745
7745 7798
7798 4616
4616 9780
9780 3787
3787 8501
8501 5812
5812 2064
2064 1500
1500 7533
7533 877
877 1376
1376 9558
9558 1409
1409 7260
7260 3122
3122 8583
8583 4893
4893 9853
9853 3745
3745 3007
3007 4745
4745 8740
8740 4162
4162 5940
5940 8328
8328 4625
4625 5136
5136 9743
9743 2647
2647 1526
1526 354
354 9359
9359 5329
5329 4188
4188 6529
6529 9843
9843 7006
7006 7922
7922 9679
9679 160
160 4601
4601 7091
7091 8189
8189 4857
4857 8988
8988 3927
3927 2893
2893 1469
1469 8263
8263 9258
9258 3359
3359 4197
4197 4412
4412 3242
3242 9640
9640 2857
2857 1227
1227 6123
6123 5383
5383 3917
3917 2910
2910 2609
2609 9633
9633 9979
9979 8217
8217 6900
6900 7813
7813 4839
4839 8717
8717 8262
8262 6752
6752 5826
5826 4674
4674 6141
6141 7767
7767 39
39 6387
6387 3960
3960 7552
7552 9842
9842 2666
2666 6955
6955 1986
1986 3568
3568 887
887 7198
7198 6156
6156 5828
5828 7499
7499 2220
2220 5048
5048 2248
2248 3635
3635 6055
6055 2601
2601 7190
7190 8709
8709 3098
3098 5648
5648 9617
9617 3344
3344 5604
5604 7898
7898 5005
5005 3115
3115 3531
3531 4799
4799 5913
5913 6519
6519 4478
4478 7186
7186 8479
8479 6347
6347 1020
1020 8452
8452 6427
6427 1771
1771 10000